1	5.00E-04	NaN	
2	2.05E-02	NaN	
3	4.05E-02	NaN	
4	6.05E-02	NaN	
5	8.05E-02	NaN	
6	1.01E-01	NaN	
7	1.21E-01	NaN	
8	1.41E-01	NaN	
9	1.61E-01	NaN	
10	1.81E-01	NaN	
11	2.01E-01	NaN	
12	2.21E-01	NaN	
13	2.41E-01	NaN	
14	2.61E-01	NaN	
15	2.81E-01	NaN	
16	3.01E-01	NaN	
17	3.21E-01	NaN	
18	3.41E-01	NaN	
19	3.61E-01	NaN	
20	3.81E-01	NaN	
21	4.01E-01	NaN	
22	4.21E-01	NaN	
23	4.41E-01	NaN	
24	4.61E-01	NaN	
25	4.81E-01	NaN	
26	5.01E-01	NaN	
27	5.21E-01	1.43E+10	
28	5.41E-01	1.03E+10	
29	5.61E-01	6.52E+09	
30	5.81E-01	3.53E+09	
31	6.01E-01	2.01E+09	
32	6.21E-01	1.62E+09	
33	6.41E-01	1.20E+09	
34	6.61E-01	8.04E+08	
35	6.81E-01	4.88E+08	
36	7.01E-01	3.16E+08	
37	7.21E-01	2.58E+08	
38	7.41E-01	1.96E+08	
39	7.61E-01	1.38E+08	
40	7.81E-01	9.07E+07	
41	8.01E-01	6.36E+07	
42	8.21E-01	5.24E+07	
43	8.41E-01	4.08E+07	
44	8.61E-01	2.98E+07	
45	8.81E-01	2.09E+07	
46	9.01E-01	1.55E+07	
47	9.21E-01	1.29E+07	
48	9.41E-01	1.02E+07	
49	9.61E-01	7.73E+06	
50	9.81E-01	5.68E+06	
51	1.00E+00	4.36E+06	
52	1.02E+00	3.67E+06	
53	1.04E+00	2.96E+06	
54	1.06E+00	2.30E+06	
55	1.08E+00	1.76E+06	
56	1.10E+00	1.39E+06	
57	1.12E+00	1.18E+06	
58	1.14E+00	9.67E+05	
59	1.16E+00	7.70E+05	
60	1.18E+00	6.04E+05	
61	1.20E+00	4.89E+05	
62	1.22E+00	4.18E+05	
63	1.24E+00	3.48E+05	
64	1.26E+00	2.82E+05	
65	1.28E+00	2.27E+05	
66	1.30E+00	1.87E+05	
67	1.32E+00	1.61E+05	
68	1.34E+00	1.36E+05	
69	1.36E+00	1.12E+05	
70	1.38E+00	9.17E+04	
71	1.40E+00	7.67E+04	
72	1.42E+00	6.66E+04	
73	1.44E+00	5.67E+04	
74	1.46E+00	4.75E+04	
75	1.48E+00	3.95E+04	
76	1.50E+00	3.35E+04	
77	1.52E+00	2.93E+04	
78	1.54E+00	2.52E+04	
79	1.56E+00	2.13E+04	
80	1.58E+00	1.80E+04	
81	1.60E+00	1.54E+04	
82	1.62E+00	1.35E+04	
83	1.64E+00	1.17E+04	
84	1.66E+00	1.01E+04	
85	1.68E+00	8.59E+03	
86	1.70E+00	7.43E+03	
87	1.72E+00	6.57E+03	
88	1.74E+00	5.74E+03	
89	1.76E+00	4.96E+03	
90	1.78E+00	4.28E+03	
91	1.80E+00	3.73E+03	
92	1.82E+00	3.32E+03	
93	1.84E+00	2.92E+03	
94	1.86E+00	2.54E+03	
95	1.88E+00	2.21E+03	
96	1.90E+00	1.94E+03	
97	1.92E+00	1.73E+03	
98	1.94E+00	1.54E+03	
99	1.96E+00	1.35E+03	
100	1.98E+00	1.18E+03	
101	2.00E+00	1.04E+03	
102	2.02E+00	9.37E+02	
103	2.04E+00	8.34E+02	
104	2.06E+00	7.37E+02	
105	2.08E+00	6.50E+02	
106	2.10E+00	5.78E+02	
107	2.12E+00	5.20E+02	
108	2.14E+00	4.65E+02	
109	2.16E+00	4.14E+02	
110	2.18E+00	3.67E+02	
111	2.20E+00	3.28E+02	
112	2.22E+00	2.96E+02	
113	2.24E+00	2.66E+02	
114	2.26E+00	2.38E+02	
115	2.28E+00	2.12E+02	
116	2.30E+00	1.91E+02	
117	2.32E+00	1.73E+02	
118	2.34E+00	1.56E+02	
119	2.36E+00	1.40E+02	
120	2.38E+00	1.25E+02	
121	2.40E+00	1.13E+02	
122	2.42E+00	1.03E+02	
123	2.44E+00	9.28E+01	
124	2.46E+00	8.36E+01	
125	2.48E+00	7.53E+01	
126	2.50E+00	6.81E+01	
127	2.52E+00	6.20E+01	
128	2.54E+00	5.63E+01	
129	2.56E+00	5.09E+01	
130	2.58E+00	4.60E+01	
131	2.60E+00	4.17E+01	
132	2.62E+00	3.81E+01	
133	2.64E+00	3.46E+01	
134	2.66E+00	3.14E+01	
135	2.68E+00	2.84E+01	
136	2.70E+00	2.59E+01	
137	2.72E+00	2.37E+01	
138	2.74E+00	2.16E+01	
139	2.76E+00	1.96E+01	
140	2.78E+00	1.78E+01	
141	2.80E+00	1.62E+01	
142	2.82E+00	1.49E+01	
143	2.84E+00	1.36E+01	
144	2.86E+00	1.24E+01	
145	2.88E+00	1.12E+01	
146	2.90E+00	1.02E+01	
147	2.92E+00	9.40E+00	
148	2.94E+00	8.59E+00	
149	2.96E+00	7.83E+00	
150	2.98E+00	7.13E+00	
151	3.00E+00	6.51E+00	
152	3.02E+00	5.97E+00	
153	3.04E+00	5.46E+00	
154	3.06E+00	4.98E+00	
155	3.08E+00	4.54E+00	
156	3.10E+00	4.14E+00	
157	3.12E+00	3.80E+00	
158	3.14E+00	3.48E+00	
159	3.16E+00	3.17E+00	
160	3.18E+00	2.89E+00	
161	3.20E+00	2.63E+00	
162	3.22E+00	2.41E+00	
163	3.24E+00	2.20E+00	
164	3.26E+00	2.01E+00	
165	3.28E+00	1.82E+00	
166	3.30E+00	1.66E+00	
167	3.32E+00	1.52E+00	
168	3.34E+00	1.38E+00	
169	3.36E+00	1.25E+00	
170	3.38E+00	1.13E+00	
171	3.40E+00	1.03E+00	
172	3.42E+00	9.36E-01	
173	3.44E+00	8.48E-01	
174	3.46E+00	7.65E-01	
175	3.48E+00	6.89E-01	
176	3.50E+00	6.19E-01	
177	3.52E+00	5.59E-01	
178	3.54E+00	5.02E-01	
179	3.56E+00	4.49E-01	
180	3.58E+00	3.99E-01	
181	3.60E+00	3.54E-01	
182	3.62E+00	3.15E-01	
183	3.64E+00	2.78E-01	
184	3.66E+00	2.43E-01	
185	3.68E+00	2.11E-01	
186	3.70E+00	1.82E-01	
187	3.72E+00	1.57E-01	
188	3.74E+00	1.33E-01	
189	3.76E+00	1.11E-01	
190	3.78E+00	9.03E-02	
191	3.80E+00	7.18E-02	
192	3.82E+00	5.58E-02	
193	3.84E+00	4.09E-02	
194	3.86E+00	2.68E-02	
195	3.88E+00	1.38E-02	
196	3.90E+00	2.18E-03	
197	3.92E+00	-7.78E-03	
198	3.94E+00	-1.70E-02	
199	3.96E+00	-2.57E-02	
200	3.98E+00	-3.36E-02	
201	4.00E+00	-4.06E-02	
202	4.02E+00	-4.66E-02	
203	4.04E+00	-5.21E-02	
204	4.06E+00	-5.72E-02	
205	4.08E+00	-6.18E-02	
206	4.10E+00	-6.58E-02	
207	4.12E+00	-6.91E-02	
208	4.14E+00	-7.21E-02	
209	4.16E+00	-7.48E-02	
210	4.18E+00	-7.73E-02	
211	4.20E+00	-7.93E-02	
212	4.22E+00	-8.09E-02	
213	4.24E+00	-8.23E-02	
214	4.26E+00	-8.35E-02	
215	4.28E+00	-8.46E-02	
216	4.30E+00	-8.53E-02	
217	4.32E+00	-8.58E-02	
218	4.34E+00	-8.62E-02	
219	4.36E+00	-8.64E-02	
220	4.38E+00	-8.65E-02	
221	4.40E+00	-8.65E-02	
222	4.42E+00	-8.63E-02	
223	4.44E+00	-8.60E-02	
224	4.46E+00	-8.56E-02	
225	4.48E+00	-8.52E-02	
226	4.50E+00	-8.46E-02	
227	4.52E+00	-8.40E-02	
228	4.54E+00	-8.33E-02	
229	4.56E+00	-8.25E-02	
230	4.58E+00	-8.18E-02	
231	4.60E+00	-8.09E-02	
232	4.62E+00	-8.00E-02	
233	4.64E+00	-7.91E-02	
234	4.66E+00	-7.82E-02	
235	4.68E+00	-7.72E-02	
236	4.70E+00	-7.62E-02	
237	4.72E+00	-7.52E-02	
238	4.74E+00	-7.41E-02	
239	4.76E+00	-7.31E-02	
240	4.78E+00	-7.21E-02	
241	4.80E+00	-7.10E-02	
242	4.82E+00	-6.99E-02	
243	4.84E+00	-6.89E-02	
244	4.86E+00	-6.78E-02	
245	4.88E+00	-6.67E-02	
246	4.90E+00	-6.57E-02	
247	4.92E+00	-6.46E-02	
248	4.94E+00	-6.35E-02	
249	4.96E+00	-6.25E-02	
250	4.98E+00	-6.14E-02	
251	5.00E+00	-6.04E-02	
252	5.02E+00	-5.93E-02	
253	5.04E+00	-5.83E-02	
254	5.06E+00	-5.73E-02	
255	5.08E+00	-5.63E-02	
256	5.10E+00	-5.53E-02	
257	5.12E+00	-5.43E-02	
258	5.14E+00	-5.34E-02	
259	5.16E+00	-5.24E-02	
260	5.18E+00	-5.15E-02	
261	5.20E+00	-5.05E-02	
262	5.22E+00	-4.96E-02	
263	5.24E+00	-4.87E-02	
264	5.26E+00	-4.78E-02	
265	5.28E+00	-4.69E-02	
266	5.30E+00	-4.61E-02	
267	5.32E+00	-4.52E-02	
268	5.34E+00	-4.44E-02	
269	5.36E+00	-4.36E-02	
270	5.38E+00	-4.27E-02	
271	5.40E+00	-4.19E-02	
272	5.42E+00	-4.12E-02	
273	5.44E+00	-4.04E-02	
274	5.46E+00	-3.96E-02	
275	5.48E+00	-3.89E-02	
276	5.50E+00	-3.82E-02	
277	5.52E+00	-3.74E-02	
278	5.54E+00	-3.67E-02	
279	5.56E+00	-3.61E-02	
280	5.58E+00	-3.54E-02	
281	5.60E+00	-3.47E-02	
282	5.62E+00	-3.40E-02	
283	5.64E+00	-3.34E-02	
284	5.66E+00	-3.28E-02	
285	5.68E+00	-3.22E-02	
286	5.70E+00	-3.15E-02	
287	5.72E+00	-3.10E-02	
288	5.74E+00	-3.04E-02	
289	5.76E+00	-2.98E-02	
290	5.78E+00	-2.92E-02	
291	5.80E+00	-2.87E-02	
292	5.82E+00	-2.81E-02	
293	5.84E+00	-2.76E-02	
294	5.86E+00	-2.71E-02	
295	5.88E+00	-2.66E-02	
296	5.90E+00	-2.61E-02	
297	5.92E+00	-2.56E-02	
298	5.94E+00	-2.51E-02	
299	5.96E+00	-2.46E-02	
300	5.98E+00	-2.42E-02	
301	6.00E+00	-2.37E-02	
302	6.02E+00	-2.33E-02	
303	6.04E+00	-2.28E-02	
304	6.06E+00	-2.24E-02	
305	6.08E+00	-2.20E-02	
306	6.10E+00	-2.16E-02	
307	6.12E+00	-2.12E-02	
308	6.14E+00	-2.08E-02	
309	6.16E+00	-2.04E-02	
310	6.18E+00	-2.00E-02	
311	6.20E+00	-1.97E-02	
312	6.22E+00	-1.93E-02	
313	6.24E+00	-1.89E-02	
314	6.26E+00	-1.86E-02	
315	6.28E+00	-1.82E-02	
316	6.30E+00	-1.79E-02	
317	6.32E+00	-1.76E-02	
318	6.34E+00	-1.72E-02	
319	6.36E+00	-1.69E-02	
320	6.38E+00	-1.66E-02	
321	6.40E+00	-1.63E-02	
322	6.42E+00	-1.60E-02	
323	6.44E+00	-1.57E-02	
324	6.46E+00	-1.54E-02	
325	6.48E+00	-1.52E-02	
326	6.50E+00	-1.49E-02	
327	6.52E+00	-1.46E-02	
328	6.54E+00	-1.43E-02	
329	6.56E+00	-1.41E-02	
330	6.58E+00	-1.38E-02	
331	6.60E+00	-1.36E-02	
332	6.62E+00	-1.33E-02	
333	6.64E+00	-1.31E-02	
334	6.66E+00	-1.28E-02	
335	6.68E+00	-1.26E-02	
336	6.70E+00	-1.24E-02	
337	6.72E+00	-1.22E-02	
338	6.74E+00	-1.19E-02	
339	6.76E+00	-1.17E-02	
340	6.78E+00	-1.15E-02	
341	6.80E+00	-1.13E-02	
342	6.82E+00	-1.11E-02	
343	6.84E+00	-1.09E-02	
344	6.86E+00	-1.07E-02	
345	6.88E+00	-1.05E-02	
346	6.90E+00	-1.03E-02	
347	6.92E+00	-1.02E-02	
348	6.94E+00	-9.98E-03	
349	6.96E+00	-9.80E-03	
350	6.98E+00	-9.63E-03	
351	7.00E+00	-9.45E-03	
352	7.02E+00	-9.29E-03	
353	7.04E+00	-9.12E-03	
354	7.06E+00	-8.96E-03	
355	7.08E+00	-8.80E-03	
356	7.10E+00	-8.65E-03	
357	7.12E+00	-8.50E-03	
358	7.14E+00	-8.35E-03	
359	7.16E+00	-8.20E-03	
360	7.18E+00	-8.06E-03	
361	7.20E+00	-7.91E-03	
362	7.22E+00	-7.78E-03	
363	7.24E+00	-7.64E-03	
364	7.26E+00	-7.51E-03	
365	7.28E+00	-7.37E-03	
366	7.30E+00	-7.24E-03	
367	7.32E+00	-7.12E-03	
368	7.34E+00	-6.99E-03	
369	7.36E+00	-6.87E-03	
370	7.38E+00	-6.75E-03	
371	7.40E+00	-6.63E-03	
372	7.42E+00	-6.52E-03	
373	7.44E+00	-6.41E-03	
374	7.46E+00	-6.29E-03	
375	7.48E+00	-6.18E-03	
376	7.50E+00	-6.08E-03	
377	7.52E+00	-5.97E-03	
378	7.54E+00	-5.87E-03	
379	7.56E+00	-5.77E-03	
380	7.58E+00	-5.67E-03	
381	7.60E+00	-5.57E-03	
382	7.62E+00	-5.47E-03	
383	7.64E+00	-5.38E-03	
384	7.66E+00	-5.28E-03	
385	7.68E+00	-5.19E-03	
386	7.70E+00	-5.10E-03	
387	7.72E+00	-5.01E-03	
388	7.74E+00	-4.93E-03	
389	7.76E+00	-4.84E-03	
390	7.78E+00	-4.76E-03	
391	7.80E+00	-4.68E-03	
392	7.82E+00	-4.59E-03	
393	7.84E+00	-4.51E-03	
394	7.86E+00	-4.44E-03	
395	7.88E+00	-4.36E-03	
396	7.90E+00	-4.28E-03	
397	7.92E+00	-4.21E-03	
398	7.94E+00	-4.14E-03	
399	7.96E+00	-4.07E-03	
400	7.98E+00	-3.99E-03	
401	8.00E+00	-3.93E-03	
402	8.02E+00	-3.86E-03	
403	8.04E+00	-3.79E-03	
404	8.06E+00	-3.72E-03	
405	8.08E+00	-3.66E-03	
406	8.10E+00	-3.60E-03	
407	8.12E+00	-3.53E-03	
408	8.14E+00	-3.47E-03	
409	8.16E+00	-3.41E-03	
410	8.18E+00	-3.35E-03	
411	8.20E+00	-3.29E-03	
412	8.22E+00	-3.24E-03	
413	8.24E+00	-3.18E-03	
414	8.26E+00	-3.12E-03	
415	8.28E+00	-3.07E-03	
416	8.30E+00	-3.02E-03	
417	8.32E+00	-2.96E-03	
418	8.34E+00	-2.91E-03	
419	8.36E+00	-2.86E-03	
420	8.38E+00	-2.81E-03	
421	8.40E+00	-2.76E-03	
422	8.42E+00	-2.71E-03	
423	8.44E+00	-2.66E-03	
424	8.46E+00	-2.62E-03	
425	8.48E+00	-2.57E-03	
426	8.50E+00	-2.52E-03	
427	8.52E+00	-2.48E-03	
428	8.54E+00	-2.43E-03	
429	8.56E+00	-2.39E-03	
430	8.58E+00	-2.35E-03	
431	8.60E+00	-2.31E-03	
432	8.62E+00	-2.26E-03	
433	8.64E+00	-2.22E-03	
434	8.66E+00	-2.18E-03	
435	8.68E+00	-2.14E-03	
436	8.70E+00	-2.10E-03	
437	8.72E+00	-2.07E-03	
438	8.74E+00	-2.03E-03	
439	8.76E+00	-1.99E-03	
440	8.78E+00	-1.95E-03	
441	8.80E+00	-1.92E-03	
442	8.82E+00	-1.88E-03	
443	8.84E+00	-1.85E-03	
444	8.86E+00	-1.81E-03	
445	8.88E+00	-1.78E-03	
446	8.90E+00	-1.75E-03	
447	8.92E+00	-1.71E-03	
448	8.94E+00	-1.68E-03	
449	8.96E+00	-1.65E-03	
450	8.98E+00	-1.62E-03	
451	9.00E+00	-1.59E-03	
452	9.02E+00	-1.56E-03	
453	9.04E+00	-1.53E-03	
454	9.06E+00	-1.50E-03	
455	9.08E+00	-1.47E-03	
456	9.10E+00	-1.44E-03	
457	9.12E+00	-1.41E-03	
458	9.14E+00	-1.39E-03	
459	9.16E+00	-1.36E-03	
460	9.18E+00	-1.33E-03	
461	9.20E+00	-1.30E-03	
462	9.22E+00	-1.28E-03	
463	9.24E+00	-1.25E-03	
464	9.26E+00	-1.23E-03	
465	9.28E+00	-1.20E-03	
466	9.30E+00	-1.18E-03	
467	9.32E+00	-1.15E-03	
468	9.34E+00	-1.13E-03	
469	9.36E+00	-1.11E-03	
470	9.38E+00	-1.08E-03	
471	9.40E+00	-1.06E-03	
472	9.42E+00	-1.04E-03	
473	9.44E+00	-1.02E-03	
474	9.46E+00	-9.95E-04	
475	9.48E+00	-9.74E-04	
476	9.50E+00	-9.52E-04	
477	9.52E+00	-9.31E-04	
478	9.54E+00	-9.11E-04	
479	9.56E+00	-8.91E-04	
480	9.58E+00	-8.71E-04	
481	9.60E+00	-8.51E-04	
482	9.62E+00	-8.32E-04	
483	9.64E+00	-8.13E-04	
484	9.66E+00	-7.94E-04	
485	9.68E+00	-7.75E-04	
486	9.70E+00	-7.57E-04	
487	9.72E+00	-7.39E-04	
488	9.74E+00	-7.21E-04	
489	9.76E+00	-7.04E-04	
490	9.78E+00	-6.86E-04	
491	9.80E+00	-6.69E-04	
492	9.82E+00	-6.52E-04	
493	9.84E+00	-6.36E-04	
494	9.86E+00	-6.19E-04	
495	9.88E+00	-6.03E-04	
496	9.90E+00	-5.87E-04	
497	9.92E+00	-5.72E-04	
498	9.94E+00	-5.56E-04	
499	9.96E+00	-5.41E-04	
500	9.98E+00	-5.26E-04	
501	1.00E+01	-5.11E-04	
502	1.00E+01	-4.97E-04	
503	1.00E+01	-4.82E-04	
504	1.01E+01	-4.68E-04	
505	1.01E+01	-4.54E-04	
506	1.01E+01	-4.40E-04	
507	1.01E+01	-4.27E-04	
508	1.01E+01	-4.13E-04	
509	1.02E+01	-4.00E-04	
510	1.02E+01	-3.87E-04	
511	1.02E+01	-3.74E-04	
512	1.02E+01	-3.61E-04	
513	1.02E+01	-3.49E-04	
514	1.03E+01	-3.36E-04	
515	1.03E+01	-3.24E-04	
516	1.03E+01	-3.12E-04	
517	1.03E+01	-3.00E-04	
518	1.03E+01	-2.88E-04	
519	1.04E+01	-2.77E-04	
520	1.04E+01	-2.65E-04	
521	1.04E+01	-2.54E-04	
522	1.04E+01	-2.43E-04	
523	1.04E+01	-2.32E-04	
524	1.05E+01	-2.21E-04	
525	1.05E+01	-2.11E-04	
526	1.05E+01	-2.00E-04	
527	1.05E+01	-1.90E-04	
528	1.05E+01	-1.79E-04	
529	1.06E+01	-1.69E-04	
530	1.06E+01	-1.59E-04	
531	1.06E+01	-1.49E-04	
532	1.06E+01	-1.40E-04	
533	1.06E+01	-1.30E-04	
534	1.07E+01	-1.21E-04	
535	1.07E+01	-1.11E-04	
536	1.07E+01	-1.02E-04	
537	1.07E+01	-9.29E-05	
538	1.07E+01	-8.39E-05	
539	1.08E+01	-7.50E-05	
540	1.08E+01	-6.63E-05	
541	1.08E+01	-5.76E-05	
542	1.08E+01	-4.91E-05	
543	1.08E+01	-4.07E-05	
544	1.09E+01	-3.23E-05	
545	1.09E+01	-2.41E-05	
546	1.09E+01	-1.60E-05	
547	1.09E+01	-7.93E-06	
548	1.09E+01	0.00E+00	
			
			
			
