1	0.0005	76.289
2	0.0082818 76.104
3	0.016064 75.884
4	0.023845 75.655
5	0.031627 75.459
6	0.039409 75.282
7	0.047191 75.079
8	0.054973 74.849
9	0.062755  74.634
10	0.070536 74.453
11	0.078318 74.267
12	0.0861	74.047
13	0.093882 73.818
14	0.10166	73.623
15	0.10945	73.446
16	0.11723	73.242
17	0.12501	73.011
18	0.13279	72.798
19	0.14057	72.617
20	0.14835	72.431
21	0.15614	72.209
22	0.16392	71.981
23	0.1717	71.787
24	0.17948	71.61
25	0.18726	71.405
26	0.19505	71.174
27	0.20283	70.961
28	0.21061	70.781
29	0.21839	70.594
30	0.22617	70.371
31	0.23395	70.144
32	0.24174	69.951
33	0.24952	69.773
34	0.2573	69.568
35	0.26508	69.336
36	0.27286	69.125
37	0.28065	68.945
38	0.28843	68.757
39	0.29621	68.534
40	0.30399	68.307
41	0.31177	68.115
42	0.31955	67.937
43	0.32734	67.73
44	0.33512	67.499
45	0.3429	67.289
46	0.35068	67.109
47	0.35846	66.92
48	0.36625	66.696
49	0.37403	66.471
50	0.38181	66.279
51	0.38959	66.101
52	0.39737	65.893
53	0.40515	65.662
54	0.41294	65.452
55	0.42072	65.273
56	0.4285	65.083
57	0.43628	64.859
58	0.44406	64.634
59	0.45185	64.443
60	0.45963	64.265
61	0.46741	64.056
62	0.47519	63.824
63	0.48297	63.616
64	0.49075	63.438
65	0.49854	63.247
66	0.50632	63.021
67	0.5141	62.797
68	0.52188	62.607
69	0.52966	62.428
70	0.53745	62.218
71	0.54523	61.987
72	0.55301	61.78
73	0.56079	61.602
74	0.56857	61.41
75	0.57635	61.184
76	0.58414	60.96
77	0.59192	60.771
78	0.5997	60.592
79	0.60748	60.381
80	0.61526	60.15
81	0.62305	59.943
82	0.63083	59.766
83	0.63861	59.573
84	0.64639	59.346
85	0.65417	59.123
86	0.66195	58.935
87	0.66974	58.755
88	0.67752	58.543
89	0.6853	58.312
90	0.69308	58.107
91	0.70086	57.93
92	0.70865	57.736
93	0.71643	57.508
94	0.72421	57.286
95	0.73199	57.099
96	0.73977	56.919
97	0.74756	56.706
98	0.75534	56.475
99	0.76312	56.271
100	0.7709	56.094
101	0.77868	55.899
102	0.78646	55.671
103	0.79425	55.45
104	0.80203	55.264
105	0.80981	55.083
106	0.81759	54.868
107	0.82537	54.638
108	0.83316	54.435
109	0.84094	54.258
110	0.84872	54.062
111	0.8565	53.833
112	0.86428	53.613
113	0.87206	53.428
114	0.87985	53.246
115	0.88763	53.031
116	0.89541	52.8
117	0.90319	52.599
118	0.91097	52.422
119	0.91876	52.225
120	0.92654	51.996
121	0.93432	51.776
122	0.9421	51.592
123	0.94988	51.41
124	0.95766	51.193
125	0.96545	50.963
126	0.97323	50.763
127	0.98101	50.586
128	0.98879	50.387
129	0.99657	50.158
130	1.0044	49.94
131	1.0121	49.756
132	1.0199	49.573
133	1.0277	49.356
134	1.0355	49.126
135	1.0433	48.926
136	1.051	48.75
137	1.0588	48.55
138	1.0666	48.321
139	1.0744	48.103
140	1.0822	47.92
141	1.09	47.737
142	1.0977	47.518
143	1.1055	47.289
144	1.1133	47.09
145	1.1211	46.913
146	1.1289	46.713
147	1.1366	46.483
148	1.1444	46.267
149	1.1522	46.084
150	1.16	45.9
151	1.1678	45.681
152	1.1756	45.452
153	1.1833	45.254
154	1.1911	45.077
155	1.1989	44.876
156	1.2067	44.646
157	1.2145	44.43
158	1.2222	44.248
159	1.23	44.063
160	1.2378	43.843
161	1.2456	43.615
162	1.2534	43.418
163	1.2612	43.241
164	1.2689	43.039
165	1.2767	42.808
166	1.2845	42.593
167	1.2923	42.412
168	1.3001	42.227
169	1.3078	42.006
170	1.3156	41.778
171	1.3234	41.582
172	1.3312	41.405
173	1.339	41.201
174	1.3468	40.971
175	1.3545	40.757
176	1.3623	40.576
177	1.3701	40.39
178	1.3779	40.168
179	1.3857	39.941
180	1.3934	39.746
181	1.4012	39.569
182	1.409	39.364
183	1.4168	39.133
184	1.4246	38.921
185	1.4324	38.741
186	1.4401	38.553
187	1.4479	38.331
188	1.4557	38.104
189	1.4635	37.91
190	1.4713	37.733
191	1.479	37.527
192	1.4868	37.296
193	1.4946	37.084
194	1.5024	36.905
195	1.5102	36.716
196	1.518	36.493
197	1.5257	36.267
198	1.5335	36.074
199	1.5413	35.896
200	1.5491	35.69
201	1.5569	35.458
202	1.5646	35.248
203	1.5724	35.069
204	1.5802	34.88
205	1.588	34.655
206	1.5958	34.43
207	1.6036	34.238
208	1.6113	34.06
209	1.6191	33.852
210	1.6269	33.621
211	1.6347	33.412
212	1.6425	33.233
213	1.6502	33.043
214	1.658	32.818
215	1.6658	32.593
216	1.6736	32.402
217	1.6814	32.224
218	1.6892	32.015
219	1.6969	31.784
220	1.7047	31.575
221	1.7125	31.397
222	1.7203	31.206
223	1.7281	30.98
224	1.7358	30.756
225	1.7436	30.566
226	1.7514	30.388
227	1.7592	30.177
228	1.767	29.946
229	1.7748	29.739
230	1.7825	29.561
231	1.7903	29.369
232	1.7981	29.143
233	1.8059	28.919
234	1.8137	28.731
235	1.8214	28.551
236	1.8292	28.34
237	1.837	28.109
238	1.8448	27.903
239	1.8526	27.725
240	1.8604	27.532
241	1.8681	27.305
242	1.8759	27.082
243	1.8837	26.895
244	1.8915	26.715
245	1.8993	26.503
246	1.907	26.272
247	1.9148	26.066
248	1.9226	25.889
249	1.9304	25.695
250	1.9382	25.468
251	1.946	25.246
252	1.9537	25.059
253	1.9615	24.878
254	1.9693	24.665
255	1.9771	24.434
256	1.9849	24.23
257	1.9926	24.053
258	2.0004	23.858
259	2.0082	23.63
260	2.016	23.409
261	2.0238	23.223
262	2.0316	23.042
263	2.0393	22.828
264	2.0471	22.597
265	2.0549	22.394
266	2.0627	22.217
267	2.0705	22.021
268	2.0782	21.792
269	2.086	21.572
270	2.0938	21.387
271	2.1016	21.205
272	2.1094	20.99
273	2.1172	20.76
274	2.1249	20.558
275	2.1327	20.381
276	2.1405	20.184
277	2.1483	19.955
278	2.1561	19.736
279	2.1638	19.551
280	2.1716	19.369
281	2.1794	19.153
282	2.1872	18.923
283	2.195	18.722
284	2.2028	18.545
285	2.2105	18.347
286	2.2183	18.117
287	2.2261	17.899
288	2.2339	17.715
289	2.2417	17.532
290	2.2494	17.315
291	2.2572	17.085
292	2.265	16.886
293	2.2728	16.709
294	2.2806	16.51
295	2.2884	16.28
296	2.2961	16.062
297	2.3039	15.879
298	2.3117	15.696
299	2.3195	15.478
300	2.3273	15.248
301	2.335	15.05
302	2.3428	14.873
303	2.3506	14.673
304	2.3584	14.443
305	2.3662	14.227
306	2.374	14.045
307	2.3817	13.861
308	2.3895	13.642
309	2.3973	13.414
310	2.4051	13.217
311	2.4129	13.04
312	2.4206	12.839
313	2.4284	12.61
314	2.4362	12.397
315	2.444	12.217
316	2.4518	12.037
317	2.4596	11.823
318	2.4673	11.6
319	2.4751	11.412
320	2.4829	11.242
321	2.4907	11.049
322	2.4985	10.828
323	2.5062	10.623
324	2.514	10.453
325	2.5218	10.278
326	2.5296	10.072
327	2.5374	9.8627
328	2.5452	9.6858
329	2.5529	9.5393
330	2.5607	9.3663
331	2.5685	9.1708
332	2.5763	8.999
333	2.5841	8.8603
334	2.5918	8.7236
335	2.5996	8.5535
336	2.6074	8.3799
337	2.6152	8.2457
338	2.623	8.1285
339	2.6308	7.9896
340	2.6385	7.8269
341	2.6463	7.6838
342	2.6541	7.5807
343	2.6619	7.47
344	2.6697	7.3289
345	2.6774	7.1874
346	2.6852	7.0794
347	2.693	6.9954
348	2.7008	6.8834
349	2.7086	6.7495
350	2.7164	6.6404
351	2.7241	6.5632
352	2.7319	6.4816
353	2.7397	6.366
354	2.7475	6.2481
355	2.7553	6.1662
356	2.763	6.0987
357	2.7708	6.0046
358	2.7786	5.8874
359	2.7864	5.7916
360	2.7942	5.7313
361	2.802	5.6608
362	2.8097	5.5585
363	2.8175	5.4574
364	2.8253	5.3906
365	2.8331	5.3408
366	2.8409	5.2614
367	2.8486	5.1593
368	2.8564	5.0801
369	2.8642	5.0316
370	2.872	4.9732
371	2.8798	4.8807
372	2.8876	4.7888
373	2.8953	4.7337
374	2.9031	4.6904
375	2.9109	4.619
376	2.9187	4.5267
377	2.9265	4.4577
378	2.9342	4.4213
379	2.942	4.372
380	2.9498	4.289
381	2.9576	4.2079
382	2.9654	4.1615
383	2.9732	4.127
384	2.9809	4.0614
385	2.9887	3.9755
386	2.9965	3.9148
387	3.0043	3.8834
388	3.0121	3.8395
389	3.0198	3.7622
390	3.0276	3.6879
391	3.0354	3.65
392	3.0432	3.6213
393	3.051	3.5612
394	3.0588	3.4816
395	3.0665	3.4272
396	3.0743	3.4022
397	3.0821	3.3618
398	3.0899	3.2883
399	3.0977	3.2198
400	3.1054	3.1862
401	3.1132	3.1619
402	3.121	3.1054
403	3.1288	3.0306
404	3.1366	2.9829
405	3.1444	2.9628
406	3.1521	2.9265
407	3.1599	2.8571
408	3.1677	2.7935
409	3.1755	2.7657
410	3.1833	2.7443
411	3.191	2.6906
412	3.1988	2.6199
413	3.2066	2.5762
414	3.2144	2.5604
415	3.2222	2.5267
416	3.23	2.4607
417	3.2377	2.4023
418	3.2455	2.3789
419	3.2533	2.3611
420	3.2611	2.31
421	3.2689	2.2428
422	3.2766	2.2039
423	3.2844	2.1908
424	3.2922	2.159
425	3.3	2.0953
426	3.3078	2.0399
427	3.3156	2.0203
428	3.3233	2.0043
429	3.3311	1.9549
430	3.3389	1.8909
431	3.3467	1.8556
432	3.3545	1.8456
433	3.3622	1.8152
434	3.37	1.7535
435	3.3778	1.7017
436	3.3856	1.6847
437	3.3934	1.6704
438	3.4012	1.6221
439	3.4089	1.5602
440	3.4167	1.5281
441	3.4245	1.5198
442	3.4323	1.4904
443	3.4401	1.4302
444	3.4478	1.3811
445	3.4556	1.3673
446	3.4634	1.3543
447	3.4712	1.3073
448	3.479	1.2482
449	3.4868	1.2193
450	3.4945	1.2137
451	3.5023	1.1855
452	3.5101	1.1273
453	3.5179	1.0819
454	3.5257	1.0708
455	3.5334	1.0598
456	3.5412	1.0142
457	3.549	0.95782
458	3.5568	0.93328
459	3.5646	0.93031
460	3.5724	0.90451
461	3.5801	0.84953
462	3.5879	0.80826
463	3.5957	0.80209
464	3.6035	0.79388
465	3.6113	0.7513
466	3.619	0.6994
467	3.6268	0.67905
468	3.6346	0.68002
469	3.6424	0.6564
470	3.6502	0.60448
471	3.658	0.56825
472	3.6657	0.56583
473	3.6735	0.561
474	3.6813	0.52142
475	3.6891	0.47375
476	3.6969	0.45918
477	3.7046	0.46388
478	3.7124	0.44377
479	3.7202	0.39612
480	3.728	0.36474
481	3.7358	0.36783
482	3.7436	0.36608
483	3.7513	0.3298
484	3.7591	0.28703
485	3.7669	0.27693
486	3.7747	0.286
487	3.7825	0.26859
488	3.7902	0.22456
489	3.798	0.19876
490	3.8058	0.20592
491	3.8136	0.20795
492	3.8214	0.17521
493	3.8292	0.13712
494	3.8369	0.13329
495	3.8447	0.14632
496	3.8525	0.13233
497	3.8603	0.092445
498	3.8681	0.071208
499	3.8758	0.083112
500	3.8836	0.087394
501	3.8914	0.057061
502	3.8992	0.022942
503	3.907	0.022422
504	3.9148	0.038429
505	3.9225	0.026212
506	3.9303	-0.010867
507	3.9381	-0.027494
508	3.9459	-0.012227
509	3.9537	-0.0057359
510	3.9614	-0.034113
511	3.9692	-0.06527
512	3.977	-0.062213
513	3.9848	-0.04482
514	3.9926	-0.056288
515	4.0004	-0.091782
516	4.0081	-0.10632
517	4.0159	-0.089027
518	4.0237	-0.082079
519	4.0315	-0.10963
520	4.0393	-0.13827
521	4.047	-0.13261
522	4.0548	-0.11378
523	4.0626	-0.12482
524	4.0704	-0.15899
525	4.0782	-0.17102
526	4.086	-0.15244
527	4.0937	-0.14539
528	4.1015	-0.17287
529	4.1093	-0.20032
530	4.1171	-0.19298
531	4.1249	-0.17392
532	4.1326	-0.18527
533	4.1404	-0.21857
534	4.1482	-0.22875
535	4.156	-0.20895
536	4.1638	-0.20215
537	4.1716	-0.22964
538	4.1793	-0.25572
539	4.1871	-0.24702
540	4.1949	-0.22788
541	4.2027	-0.23999
542	4.2105	-0.27304
543	4.2182	-0.28185
544	4.226	-0.26151
545	4.2338	-0.25539
546	4.2416	-0.28323
547	4.2494	-0.30826
548	4.2572	-0.29834
549	4.2649	-0.27938
550	4.2727	-0.2923
551	4.2805	-0.32502
552	4.2883	-0.33257
553	4.2961	-0.31175
554	4.3038	-0.30651
555	4.3116	-0.33485
556	4.3194	-0.35897
557	4.3272	-0.34805
558	4.335	-0.32942
559	4.3428	-0.34321
560	4.3505	-0.37564
561	4.3583	-0.38192
562	4.3661	-0.36071
563	4.3739	-0.35632
564	4.3817	-0.3851
565	4.3894	-0.40828
566	4.3972	-0.39636
567	4.405	-0.37816
568	4.4128	-0.39289
569	4.4206	-0.42504
570	4.4284	-0.43013
571	4.4361	-0.4086
572	4.4439	-0.40512
573	4.4517	-0.43433
574	4.4595	-0.45653
575	4.4673	-0.44368
576	4.475	-0.42592
577	4.4828	-0.44157
578	4.4906	-0.4734
579	4.4984	-0.4773
580	4.5062	-0.45554
581	4.514	-0.45302
582	4.5217	-0.48266
583	4.5295	-0.50393
584	4.5373	-0.4902
585	4.5451	-0.47298
586	4.5529	-0.48956
587	4.5606	-0.52105
588	4.5684	-0.52379
589	4.5762	-0.50184
590	4.584	-0.50029
591	4.5918	-0.53031
592	4.5996	-0.55059
593	4.6073	-0.53601
594	4.6151	-0.51934
595	4.6229	-0.53683
596	4.6307	-0.56795
597	4.6385	-0.56953
598	4.6462	-0.54746
599	4.654	-0.5469
600	4.6618	-0.57724
601	4.6696	-0.59652
602	4.6774	-0.58107
603	4.6852	-0.56493
604	4.6929	-0.58322
605	4.7007	-0.61382
606	4.7085	-0.61414
607	4.7163	-0.59184
608	4.7241	-0.59216
609	4.7318	-0.62271
610	4.7396	-0.64084
611	4.7474	-0.62454
612	4.7552	-0.60888
613	4.763	-0.62788
614	4.7708	-0.65786
615	4.7785	-0.65676
616	4.7863	-0.63418
617	4.7941	-0.63521
618	4.8019	-0.66569
619	4.8097	-0.68247
620	4.8174	-0.665
621	4.8252	-0.64968
622	4.833	-0.66917
623	4.8408	-0.69828
624	4.8486	-0.69578
625	4.8564	-0.67283
626	4.8641	-0.67459
627	4.8719	-0.70502
628	4.8797	-0.72039
629	4.8875	-0.70197
630	4.8953	-0.68701
631	4.903	-0.70702
632	4.9108	-0.73531
633	4.9186	-0.73133
634	4.9264	-0.70816
635	4.9342	-0.71061
636	4.942	-0.74091
637	4.9497	-0.75496
638	4.9575	-0.73554
639	4.9653	-0.72107
640	4.9731	-0.74163
641	4.9809	-0.76906
642	4.9886	-0.76378
643	4.9964	-0.74043
644	5.0042	-0.7437
645	5.012	-0.77395
646	5.0198	-0.78665
647	5.0276	-0.76643
648	5.0353	-0.75248
649	5.0431	-0.77357
650	5.0509	-0.80019
651	5.0587	-0.79354
652	5.0665	-0.77011
653	5.0742	-0.77416
654	5.082	-0.80427
655	5.0898	-0.81568
656	5.0976	-0.7946
657	5.1054	-0.78124
658	5.1132	-0.80287
659	5.1209	-0.82859
660	5.1287	-0.82068
661	5.1365	-0.79719
662	5.1443	-0.80206
663	5.1521	-0.83202
664	5.1598	-0.84206
665	5.1676	-0.82024
666	5.1754	-0.80745
667	5.1832	-0.82956
668	5.191	-0.85439
669	5.1988	-0.84514
670	5.2065	-0.82165
671	5.2143	-0.8273
672	5.2221	-0.85703
673	5.2299	-0.86574
674	5.2377	-0.84314
675	5.2454	-0.83099
676	5.2532	-0.85357
677	5.261	-0.87742
678	5.2688	-0.86695
679	5.2766	-0.84345
680	5.2844	-0.84988
681	5.2921	-0.87935
682	5.2999	-0.88662
683	5.3077	-0.86333
684	5.3155	-0.85174
685	5.3233	-0.87467
686	5.331	-0.89751
687	5.3388	-0.88567
688	5.3466	-0.8622
689	5.3544	-0.86933
690	5.3622	-0.89841
691	5.37	-0.90429
692	5.3777	-0.88022
693	5.3855	-0.86923
694	5.3933	-0.8925
695	5.4011	-0.9142
696	5.4089	-0.90111
697	5.4166	-0.87764
698	5.4244	-0.88545
699	5.4322	-0.91412
700	5.44	-0.91844
701	5.4478	-0.89368
702	5.4556	-0.88324
703	5.4633	-0.90673
704	5.4711	-0.92732
705	5.4789	-0.91292
706	5.4867	-0.88959
707	5.4945	-0.89815
708	5.5022	-0.9264
709	5.51	-0.92942
710	5.5178	-0.90409
711	5.5256	-0.89443
712	5.5334	-0.91831
713	5.5412	-0.93784
714	5.5489	-0.92233
715	5.5567	-0.89921
716	5.5645	-0.90856
717	5.5723	-0.93646
718	5.5801	-0.93815
719	5.5878	-0.91241
720	5.5956	-0.90358
721	5.6034	-0.92788
722	5.6112	-0.94648
723	5.619	-0.92998
724	5.6268	-0.90729
725	5.6345	-0.91757
726	5.6423	-0.94517
727	5.6501	-0.94565
728	5.6579	-0.91958
729	5.6657	-0.91164
730	5.6734	-0.93636
731	5.6812	-0.95398
732	5.689	-0.93655
733	5.6968	-0.91431
734	5.7046	-0.92551
735	5.7124	-0.95281
736	5.7201	-0.95212
737	5.7279	-0.92584
738	5.7357	-0.91888
739	5.7435	-0.94403
740	5.7513	-0.96072
741	5.759	-0.94242
742	5.7668	-0.92072
743	5.7746	-0.93285
744	5.7824	-0.9598
745	5.7902	-0.95794
746	5.798	-0.93146
747	5.8057	-0.92547
748	5.8135	-0.951
749	5.8213	-0.96671
750	5.8291	-0.94756
751	5.8369	-0.92642
752	5.8446	-0.93946
753	5.8524	-0.96604
754	5.8602	-0.96301
755	5.868	-0.93641
756	5.8758	-0.93139
757	5.8836	-0.95722
758	5.8913	-0.9719
759	5.8991	-0.95185
760	5.9069	-0.93123
761	5.9147	-0.94505
762	5.9225	-0.97109
763	5.9302	-0.9668
764	5.938	-0.93996
765	5.9458	-0.93583
766	5.9536	-0.96187
767	5.9614	-0.97538
768	5.9692	-0.95447
769	5.9769	-0.93431
770	5.9847	-0.94881
771	5.9925	-0.97421
772	6.0003	-0.9685
773	6.0081	-0.94139
774	6.0158	-0.93798
775	6.0236	-0.96397
776	6.0314	-0.97617
777	6.0392	-0.95416
778	6.047	-0.93439
779	6.0548	-0.94947
780	6.0625	-0.97405
781	6.0703	-0.967
782	6.0781	-0.93959
783	6.0859	-0.93695
784	6.0937	-0.96296
785	6.1014	-0.97381
786	6.1092	-0.95091
787	6.117	-0.93159
788	6.1248	-0.94725
789	6.1326	-0.9711
790	6.1404	-0.96265
791	6.1481	-0.93509
792	6.1559	-0.93326
793	6.1637	-0.95921
794	6.1715	-0.96882
795	6.1793	-0.94502
796	6.187	-0.92627
797	6.1948	-0.94255
798	6.2026	-0.96562
799	6.2104	-0.95593
800	6.2182	-0.92828
801	6.226	-0.92731
802	6.2337	-0.95327
803	6.2415	-0.9616
804	6.2493	-0.93704
805	6.2571	-0.91888
806	6.2649	-0.93576
807	6.2726	-0.95807
808	6.2804	-0.94708
809	6.2882	-0.91941
810	6.296	-0.91929
811	6.3038	-0.94515
812	6.3116	-0.95223
813	6.3193	-0.92686
814	6.3271	-0.9093
815	6.3349	-0.92674
816	6.3427	-0.94816
817	6.3505	-0.93592
818	6.3582	-0.90819
819	6.366	-0.90887
820	6.3738	-0.93459
821	6.3816	-0.9403
822	6.3894	-0.91419
823	6.3972	-0.89722
824	6.4049	-0.91514
825	6.4127	-0.93568
826	6.4205	-0.92212
827	6.4283	-0.8944
828	6.4361	-0.89587
829	6.4438	-0.92134
830	6.4516	-0.92572
831	6.4594	-0.89883
832	6.4672	-0.88246
833	6.475	-0.90083
834	6.4828	-0.9204
835	6.4905	-0.90562
836	6.4983	-0.87795
837	6.5061	-0.88026
838	6.5139	-0.90556
839	6.5217	-0.90862
840	6.5294	-0.88115
841	6.5372	-0.86551
842	6.545	-0.88439
843	6.5528	-0.90308
844	6.5606	-0.88711
845	6.5684	-0.85961
846	6.5761	-0.86279
847	6.5839	-0.88788
848	6.5917	-0.88969
849	6.5995	-0.86168
850	6.6073	-0.84684
851	6.615	-0.86627
852	6.6228	-0.88408
853	6.6306	-0.86708
854	6.6384	-0.83986
855	6.6462	-0.84399
856	6.654	-0.86891
857	6.6617	-0.86949
858	6.6695	-0.84103
859	6.6773	-0.82704
860	6.6851	-0.84699
861	6.6929	-0.86393
862	6.7006	-0.8459
863	6.7084	-0.81904
864	6.7162	-0.82411
865	6.724	-0.84882
866	6.7318	-0.84821
867	6.7396	-0.81934
868	6.7473	-0.80621
869	6.7551	-0.82662
870	6.7629	-0.84258
871	6.7707	-0.8235
872	6.7785	-0.79693
873	6.7862	-0.80288
874	6.794	-0.82729
875	6.8018	-0.82543
876	6.8096	-0.7962
877	6.8174	-0.78397
878	6.8252	-0.80485
879	6.8329	-0.81994
880	6.8407	-0.79993
881	6.8485	-0.77385
882	6.8563	-0.78077
883	6.8641	-0.80495
884	6.8718	-0.80194
885	6.8796	-0.77248
886	6.8874	-0.76123
887	6.8952	-0.7826
888	6.903	-0.79679
889	6.9108	-0.77592
890	6.9185	-0.75037
891	6.9263	-0.75829
892	6.9341	-0.78222
893	6.9419	-0.77812
894	6.9497	-0.7485
895	6.9574	-0.73831
896	6.9652	-0.76019
897	6.973	-0.77353
898	6.9808	-0.7519
899	6.9886	-0.72698
900	6.9964	-0.73593
901	7.0041	-0.75963
902	7.0119	-0.75447
903	7.0197	-0.7248
904	7.0275	-0.7157
905	7.0353	-0.73808
906	7.0431	-0.75058
907	7.0508	-0.72825
908	7.0586	-0.70405
909	7.0664	-0.71406
910	7.0742	-0.73753
911	7.082	-0.73138
912	7.0897	-0.70173
913	7.0975	-0.69378
914	7.1053	-0.71666
915	7.1131	-0.7283
916	7.1209	-0.70528
917	7.1287	-0.6818
918	7.1364	-0.69279
919	7.1442	-0.71594
920	7.152	-0.70871
921	7.1598	-0.67904
922	7.1676	-0.67216
923	7.1753	-0.69541
924	7.1831	-0.70609
925	7.1909	-0.68236
926	7.1987	-0.65957
927	7.2065	-0.6715
928	7.2143	-0.69424
929	7.222	-0.68593
930	7.2298	-0.65629
931	7.2376	-0.65048
932	7.2454	-0.67407
933	7.2532	-0.68377
934	7.2609	-0.65938
935	7.2687	-0.63733
936	7.2765	-0.65017
937	7.2843	-0.67248
938	7.2921	-0.6631
939	7.2999	-0.63353
940	7.3076	-0.62881
941	7.3154	-0.65269
942	7.3232	-0.6614
943	7.331	-0.63638
944	7.3388	-0.6151
945	7.3465	-0.62883
946	7.3543	-0.65066
947	7.3621	-0.64023
948	7.3699	-0.61078
949	7.3777	-0.60715
950	7.3855	-0.63129
951	7.3932	-0.639
952	7.401	-0.6134
953	7.4088	-0.59294
954	7.4166	-0.60755
955	7.4244	-0.62889
956	7.4321	-0.61743
957	7.4399	-0.58816
958	7.4477	-0.58564
959	7.4555	-0.61001
960	7.4633	-0.61672
961	7.4711	-0.59057
962	7.4788	-0.57097
963	7.4866	-0.58644
964	7.4944	-0.60724
965	7.5022	-0.59479
966	7.51	-0.56575
967	7.5177	-0.56435
968	7.5255	-0.58891
969	7.5333	-0.59462
970	7.5411	-0.56799
971	7.5489	-0.54928
972	7.5567	-0.56558
973	7.5644	-0.58583
974	7.5722	-0.5724
975	7.58	-0.54362
976	7.5878	-0.54334
977	7.5956	-0.56805
978	7.6033	-0.57273
979	7.6111	-0.54564
980	7.6189	-0.52783
981	7.6267	-0.54494
982	7.6345	-0.56458
983	7.6423	-0.55018
984	7.65	-0.52171
985	7.6578	-0.52254
986	7.6656	-0.54736
987	7.6734	-0.55099
988	7.6812	-0.52349
989	7.6889	-0.50662
990	7.6967	-0.52449
991	7.7045	-0.5435
992	7.7123	-0.52814
993	7.7201	-0.50003
994	7.7279	-0.50196
995	7.7356	-0.52682
996	7.7434	-0.5294
997	7.7512	-0.50151
998	7.759	-0.4856
999	7.7668	-0.5042
1000	7.7745	-0.52253
1001	7.7823	-0.50624
1002	7.7901	-0.47852
1003	7.7979	-0.48154
1004	7.8057	-0.50641
1005	7.8135	-0.50792
1006	7.8212	-0.47969
1007	7.829	-0.46474
1008	7.8368	-0.48404
1009	7.8446	-0.50164
1010	7.8524	-0.48443
1011	7.8601	-0.45712
1012	7.8679	-0.46121
1013	7.8757	-0.48602
1014	7.8835	-0.48645
1015	7.8913	-0.4579
1016	7.8991	-0.44392
1017	7.9068	-0.46386
1018	7.9146	-0.4807
1019	7.9224	-0.46258
1020	7.9302	-0.43572
1021	7.938	-0.44086
1022	7.9457	-0.46557
1023	7.9535	-0.46491
1024	7.9613	-0.43608
1025	7.9691	-0.4231
1026	7.9769	-0.44364
1027	7.9847	-0.45968
1028	7.9924	-0.44068
1029	8.0002	-0.4143
1030	8.008	-0.42047
1031	8.0158	-0.44503
1032	8.0236	-0.44326
1033	8.0313	-0.41418
1034	8.0391	-0.4022
1035	8.0469	-0.4233
1036	8.0547	-0.43851
1037	8.0625	-0.41864
1038	8.0703	-0.3928
1039	8.078	-0.4
1040	8.0858	-0.42438
1041	8.0936	-0.42153
1042	8.1014	-0.39228
1043	8.1092	-0.38135
1044	8.1169	-0.403
1045	8.1247	-0.41738
1046	8.1325	-0.39672
1047	8.1403	-0.37146
1048	8.1481	-0.37971
1049	8.1559	-0.40388
1050	8.1636	-0.39996
1051	8.1714	-0.3706
1052	8.1792	-0.36073
1053	8.187	-0.38291
1054	8.1948	-0.39645
1055	8.2025	-0.37504
1056	8.2103	-0.35044
1057	8.2181	-0.35975
1058	8.2259	-0.38372
1059	8.2337	-0.37877
1060	8.2415	-0.34939
1061	8.2492	-0.34066
1062	8.257	-0.36338
1063	8.2648	-0.3761
1064	8.2726	-0.354
1065	8.2804	-0.33012
1066	8.2881	-0.34047
1067	8.2959	-0.36419
1068	8.3037	-0.35822
1069	8.3115	-0.32884
1070	8.3193	-0.32123
1071	8.3271	-0.34441
1072	8.3348	-0.35625
1073	8.3426	-0.33346
1074	8.3504	-0.3103
1075	8.3582	-0.32165
1076	8.366	-0.34506
1077	8.3737	-0.33805
1078	8.3815	-0.30869
1079	8.3893	-0.30218
1080	8.3971	-0.32577
1081	8.4049	-0.3367
1082	8.4127	-0.31325
1083	8.4204	-0.29083
1084	8.4282	-0.30315
1085	8.436	-0.32619
1086	8.4438	-0.31813
1087	8.4516	-0.28883
1088	8.4593	-0.28344
1089	8.4671	-0.30739
1090	8.4749	-0.31737
1091	8.4827	-0.29328
1092	8.4905	-0.27164
1093	8.4983	-0.2849
1094	8.506	-0.30754
1095	8.5138	-0.29845
1096	8.5216	-0.26926
1097	8.5294	-0.265
1098	8.5372	-0.28929
1099	8.5449	-0.29834
1100	8.5527	-0.27368
1101	8.5605	-0.25288
1102	8.5683	-0.26711
1103	8.5761	-0.28934
1104	8.5839	-0.2793
1105	8.5916	-0.25032
1106	8.5994	-0.24724
1107	8.6072	-0.27187
1108	8.615	-0.27999
1109	8.6228	-0.25482
1110	8.6305	-0.2349
1111	8.6383	-0.25006
1112	8.6461	-0.27185
1113	8.6539	-0.26081
1114	8.6617	-0.23205
1115	8.6695	-0.23011
1116	8.6772	-0.25498
1117	8.685	-0.26212
1118	8.6928	-0.23644
1119	8.7006	-0.21739
1120	8.7084	-0.23342
1121	8.7161	-0.25468
1122	8.7239	-0.24265
1123	8.7317	-0.21411
1124	8.7395	-0.21327
1125	8.7473	-0.23833
1126	8.7551	-0.24444
1127	8.7628	-0.21824
1128	8.7706	-0.20006
1129	8.7784	-0.21689
1130	8.7862	-0.23755
1131	8.794	-0.2245
1132	8.8017	-0.19619
1133	8.8095	-0.19643
1134	8.8173	-0.22158
1135	8.8251	-0.22662
1136	8.8329	-0.19993
1137	8.8407	-0.18261
1138	8.8484	-0.2002
1139	8.8562	-0.22022
1140	8.864	-0.20617
1141	8.8718	-0.17815
1142	8.8796	-0.17947
1143	8.8873	-0.20472
1144	8.8951	-0.2087
1145	8.9029	-0.18161
1146	8.9107	-0.16526
1147	8.9185	-0.18364
1148	8.9263	-0.20307
1149	8.934	-0.18811
1150	8.9418	-0.16051
1151	8.9496	-0.16301
1152	8.9574	-0.18837
1153	8.9652	-0.19139
1154	8.9729	-0.164
1155	8.9807	-0.14867
1156	8.9885	-0.16787
1157	8.9963	-0.18669
1158	9.0041	-0.17093
1159	9.0119	-0.14384
1160	9.0196	-0.14756
1161	9.0274	-0.17308
1162	9.0352	-0.17518
1163	9.043	-0.14764
1164	9.0508	-0.13347
1165	9.0585	-0.15354
1166	9.0663	-0.17187
1167	9.0741	-0.15537
1168	9.0819	-0.12889
1169	9.0897	-0.13388
1170	9.0975	-0.15951
1171	9.1052	-0.1607
1172	9.113	-0.13297
1173	9.1208	-0.11992
1174	9.1286	-0.14076
1175	9.1364	-0.15841
1176	9.1441	-0.1411
1177	9.1519	-0.11516
1178	9.1597	-0.12126
1179	9.1675	-0.14687
1180	9.1753	-0.14703
1181	9.1831	-0.1191
1182	9.1908	-0.10711
1183	9.1986	-0.12862
1184	9.2064	-0.14553
1185	9.2142	-0.1274
1186	9.222	-0.10201
1187	9.2297	-0.10921
1188	9.2375	-0.13471
1189	9.2453	-0.13382
1190	9.2531	-0.1057
1191	9.2609	-0.094763
1192	9.2687	-0.11688
1193	9.2764	-0.13301
1194	9.2842	-0.11407
1195	9.292	-0.089257
1196	9.2998	-0.097528
1197	9.3076	-0.1229
1198	9.3153	-0.12096
1199	9.3231	-0.092723
1200	9.3309	-0.082879
1201	9.3387	-0.10559
1202	9.3465	-0.12095
1203	9.3543	-0.10127
1204	9.362	-0.077123
1205	9.3698	-0.086514
1206	9.3776	-0.11174
1207	9.3854	-0.10885
1208	9.3932	-0.080585
1209	9.4009	-0.071906
1210	9.4087	-0.095241
1211	9.4165	-0.10983
1212	9.4243	-0.089484
1213	9.4321	-0.06605
1214	9.4399	-0.076535
1215	9.4476	-0.10161
1216	9.4554	-0.097698
1217	9.4632	-0.069427
1218	9.471	-0.061891
1219	9.4788	-0.085754
1220	9.4865	-0.099536
1221	9.4943	-0.078502
1222	9.5021	-0.055787
1223	9.5099	-0.06732
1224	9.5177	-0.092128
1225	9.5255	-0.087186
1226	9.5332	-0.058897
1227	9.541	-0.052457
1228	9.5488	-0.076759
1229	9.5566	-0.089619
1230	9.5644	-0.067864
1231	9.5721	-0.045833
1232	9.5799	-0.058326
1233	9.5877	-0.082779
1234	9.5955	-0.076759
1235	9.6033	-0.048463
1236	9.6111	-0.0431
1237	9.6188	-0.067777
1238	9.6266	-0.07969
1239	9.6344	-0.057243
1240	9.6422	-0.03593
1241	9.65	-0.049362
1242	9.6577	-0.073421
1243	9.6655	-0.066333
1244	9.6733	-0.038075
1245	9.6811	-0.033798
1246	9.6889	-0.058808
1247	9.6967	-0.069751
1248	9.7044	-0.04665
1249	9.7122	-0.026092
1250	9.72	-0.040457
1251	9.7278	-0.064145
1252	9.7356	-0.056063
1253	9.7433	-0.02803
1254	9.7511	-0.025032
1255	9.7589	-0.050533
1256	9.7667	-0.060861
1257	9.7745	-0.037506
1258	9.7823	-0.018209
1259	9.79	-0.03405
1260	9.7978	-0.0578
1261	9.8056	-0.049269
1262	9.8134	-0.021888
1263	9.8212	-0.020466
1264	9.8289	-0.046688
1265	9.8367	-0.056307
1266	9.8445	-0.032665
1267	9.8523	-0.014364
1268	9.8601	-0.031135
1269	9.8679	-0.054434
1270	9.8756	-0.044873
1271	9.8834	-0.01766
1272	9.8912	-0.017332
1273	9.899	-0.043758
1274	9.9068	-0.052367
1275	9.9145	-0.028188
1276	9.9223	-0.010742
1277	9.9301	-0.028366
1278	9.9379	-0.05113
1279	9.9457	-0.040559
1280	9.9535	-0.013566
1281	9.9612	-0.014334
1282	9.969	-0.040906
1283	9.9768	-0.04845
1284	9.9846	-0.0237
1285	9.9924	-0.0070452
1286	10	-0.025365
1287	10.008	-0.04726
1288	10.016	-0.035415
1289	10.023	-0.0082964
1290	10.031	-0.0097052
1291	10.039	-0.035959
1292	10.047	-0.041915
1293	10.055	-0.016189
1294	10.062	7.01E-05
1295	10.07	-0.018553
1296	10.078	-0.039513
1297	10.086	-0.02644
1298	10.094	0.00050177
1299	10.101	-0.0019669
1300	10.109	-0.028296
1301	10.117	-0.033292
1302	10.125	-0.0072347
1303	10.132	0.0080011
1304	10.14	-0.011478
1305	10.148	-0.031888
1306	10.156	-0.017896
1307	10.164	0.0086686
1308	10.171	0.005089
1309	10.179	-0.021269
1310	10.187	-0.025197
1311	10.195	0.0012462
1312	10.202	0.015477
1313	10.21	-0.004862
1314	10.218	-0.024722
1315	10.226	-0.010099
1316	10.234	0.015741
1317	10.241	0.010697
1318	10.249	-0.016155
1319	10.257	-0.019508
1320	10.265	0.0066933
1321	10.273	0.019389
1322	10.28	-0.0021262
1323	10.288	-0.021837
1324	10.296	-0.0067081
1325	10.304	0.018307
1326	10.311	0.01182
1327	10.319	-0.015231
1328	10.327	-0.017768
1329	10.335	0.0085601
1330	10.343	0.020127
1331	10.35	-0.002177
1332	10.358	-0.021187
1333	10.366	-0.0052391
1334	10.374	0.01925
1335	10.381	0.011651
1336	10.389	-0.015372
1337	10.397	-0.016881
1338	10.405	0.0096426
1339	10.413	0.020141
1340	10.42	-0.0028253
1341	10.428	-0.021098
1342	10.436	-0.0043166
1343	10.444	0.019636
1344	10.451	0.010963
1345	10.459	-0.015925
1346	10.467	-0.016354
1347	10.475	0.010389
1348	10.483	0.019871
1349	10.49	-0.0036633
1350	10.498	-0.021111
1351	10.506	-0.0034828
1352	10.514	0.019932
1353	10.522	0.01023
1354	10.529	-0.016469
1355	10.537	-0.015805
1356	10.545	0.011119
1357	10.553	0.019568
1358	10.56	-0.0044955
1359	10.568	-0.02109
1360	10.576	-0.0026435
1361	10.584	0.020195
1362	10.592	0.0094796
1363	10.599	-0.016987
1364	10.607	-0.01523
1365	10.615	0.011831
1366	10.623	0.019234
1367	10.63	-0.0053205
1368	10.638	-0.021035
1369	10.646	-0.0018
1370	10.654	0.020426
1371	10.662	0.0087141
1372	10.669	-0.017476
1373	10.677	-0.01463
1374	10.685	0.012524
1375	10.693	0.018869
1376	10.701	-0.006137
1377	10.708	-0.020947
1378	10.716	-0.00095365
1379	10.724	0.020624
1380	10.732	0.0079346
1381	10.739	-0.017938
1382	10.747	-0.014007
1383	10.755	0.013197
1384	10.763	0.018474
1385	10.771	-0.0069436
1386	10.778	-0.020824
1387	10.786	-0.00010574
1388	10.794	0.020788
1389	10.802	0.0071422
1390	10.809	-0.018371
1391	10.817	-0.013361
1392	10.825	0.013848
1393	10.833	0.018048
1394	10.841	-0.007739
1395	10.848	-0.020668
1396	10.856	0.00074234
1397	10.864	0.020919
1398	10.872	0.0063383
1399	10.879	-0.018774
1400	10.887	-0.012694
1401	10.895	0.014477
1402	10.903	0.017594
1403	10.911	-0.0085218
1404	10.918	-0.020479
1405	10.926	0.0015892
1406	10.934	0.021016
1407	10.942	0.0055241
1408	10.95	-0.019147
1409	10.957	-0.012006
1410	10.965	0.015082
1411	10.973	0.017111
1412	10.981	-0.009291
1413	10.988	-0.020256
1414	10.996	0.0024335
1415	11.004	0.021079
1416	11.012	0.0047011
1417	11.02	-0.019489
1418	11.027	-0.011299
1419	11.035	0.015663
1420	11.043	0.0166
1421	11.051	-0.010045
1422	11.058	-0.020001
1423	11.066	0.0032739
1424	11.074	0.021108
1425	11.082	0.0038704
1426	11.09	-0.019799
1427	11.097	-0.010573
1428	11.105	0.016219
1429	11.113	0.016063
1430	11.121	-0.010783
1431	11.129	-0.019714
1432	11.136	0.004109
1433	11.144	0.021103
1434	11.152	0.0030335
1435	11.16	-0.020078
1436	11.167	-0.0098308
1437	11.175	0.016749
1438	11.183	0.015499
1439	11.191	-0.011503
1440	11.199	-0.019394
1441	11.206	0.0049375
1442	11.214	0.021064
1443	11.222	0.0021917
1444	11.23	-0.020324
1445	11.237	-0.0090724
1446	11.245	0.017252
1447	11.253	0.014911
1448	11.261	-0.012205
1449	11.269	-0.019044
1450	11.276	0.005758
1451	11.284	0.020991
1452	11.292	0.0013464
1453	11.3	-0.020537
1454	11.307	-0.0082994
1455	11.315	0.017726
1456	11.323	0.014298
1457	11.331	-0.012888
1458	11.339	-0.018662
1459	11.346	0.0065692
1460	11.354	0.020884
1461	11.362	0.00049885
1462	11.37	-0.020717
1463	11.378	-0.0075129
1464	11.385	0.018172
1465	11.393	0.013663
1466	11.401	-0.013549
1467	11.409	-0.018251
1468	11.416	0.0073697
1469	11.424	0.020744
1470	11.432	-0.00034947
1471	11.44	-0.020864
1472	11.448	-0.0067144
1473	11.455	0.018589
1474	11.463	0.013005
1475	11.471	-0.014189
1476	11.479	-0.01781
1477	11.486	0.0081584
1478	11.494	0.02057
1479	11.502	-0.0011972
1480	11.51	-0.020977
1481	11.518	-0.005905
1482	11.525	0.018976
1483	11.533	0.012327
1484	11.541	-0.014805
1485	11.549	-0.01734
1486	11.557	0.0089339
1487	11.564	0.020362
1488	11.572	-0.0020431
1489	11.58	-0.021056
1490	11.588	-0.005086
1491	11.595	0.019332
1492	11.603	0.011628
1493	11.611	-0.015398
1494	11.619	-0.016842
1495	11.627	0.009695
1496	11.634	0.020122
1497	11.642	-0.0028856
1498	11.65	-0.021101
1499	11.658	-0.0042589
1500	11.665	0.019657
1501	11.673	0.010911
1502	11.681	-0.015966
1503	11.689	-0.016317
1504	11.697	0.01044
1505	11.704	0.019849
1506	11.712	-0.0037235
1507	11.72	-0.021112
1508	11.728	-0.0034249
1509	11.735	0.01995
1510	11.743	0.010176
1511	11.751	-0.016508
1512	11.759	-0.015766
1513	11.767	0.011169
1514	11.774	0.019545
1515	11.782	-0.0045553
1516	11.79	-0.021089
1517	11.798	-0.0025853
1518	11.806	0.020211
1519	11.813	0.0094247
1520	11.821	-0.017023
1521	11.829	-0.015189
1522	11.837	0.01188
1523	11.844	0.019208
1524	11.852	-0.0053798
1525	11.86	-0.021032
1526	11.868	-0.0017416
1527	11.876	0.02044
1528	11.883	0.0086582
1529	11.891	-0.017511
1530	11.899	-0.014588
1531	11.907	0.012571
1532	11.914	0.018841
1533	11.922	-0.0061957
1534	11.93	-0.020941
1535	11.938	-0.00089511
1536	11.946	0.020635
1537	11.953	0.0078777
1538	11.961	-0.017971
1539	11.969	-0.013963
1540	11.977	0.013242
1541	11.985	0.018443
1542	11.992	-0.0070015
1543	12	-0.020816
1544	12.008	-4.71E-05
1545	12.016	0.020797
1546	12.023	0.0070844
1547	12.031	-0.018402
1548	12.039	-0.013316
1549	12.047	0.013892
1550	12.055	0.018016
1551	12.062	-0.007796
1552	12.07	-0.020657
1553	12.078	0.0008009
1554	12.086	0.020926
1555	12.093	0.0062797
1556	12.101	-0.018803
1557	12.109	-0.012647
1558	12.117	0.014519
1559	12.125	0.017559
1560	12.132	-0.008578
1561	12.14	-0.020465
1562	12.148	0.0016476
1563	12.156	0.02102
1564	12.163	0.0054649
1565	12.171	-0.019173
1566	12.179	-0.011958
1567	12.187	0.015123
1568	12.195	0.017074
1569	12.202	-0.0093461
1570	12.21	-0.020241
1571	12.218	0.0024917
1572	12.226	0.021081
1573	12.234	0.0046413
1574	12.241	-0.019513
1575	12.249	-0.011249
1576	12.257	0.015702
1577	12.265	0.016562
1578	12.272	-0.010099
1579	12.28	-0.019983
1580	12.288	0.0033318
1581	12.296	0.021108
1582	12.304	0.0038101
1583	12.311	-0.019821
1584	12.319	-0.010523
1585	12.327	0.016256
1586	12.335	0.016022
1587	12.342	-0.010836
1588	12.35	-0.019693
1589	12.358	0.0041664
1590	12.366	0.0211
1591	12.374	0.0029729
1592	12.381	-0.020097
1593	12.389	-0.009779
1594	12.397	0.016784
1595	12.405	0.015457
1596	12.413	-0.011555
1597	12.42	-0.019372
1598	12.428	0.0049944
1599	12.436	0.021059
1600	12.444	0.0021308
1601	12.451	-0.020341
1602	12.459	-0.0090196
1603	12.467	0.017285
1604	12.475	0.014867
1605	12.483	-0.012256
1606	12.49	-0.019019
1607	12.498	0.0058143
1608	12.506	0.020984
1609	12.514	0.0012852
1610	12.521	-0.020552
1611	12.529	-0.0082455
1612	12.537	0.017757
1613	12.545	0.014253
1614	12.553	-0.012936
1615	12.56	-0.018635
1616	12.568	0.0066248
1617	12.576	0.020874
1618	12.584	0.0004376
1619	12.591	-0.02073
1620	12.599	-0.0074582
1621	12.607	0.018202
1622	12.615	0.013616
1623	12.623	-0.013596
1624	12.63	-0.018222
1625	12.638	0.0074245
1626	12.646	0.020731
1627	12.654	-0.00041073
1628	12.662	-0.020874
1629	12.669	-0.0066589
1630	12.677	0.018616
1631	12.685	0.012957
1632	12.693	-0.014234
1633	12.7	-0.017779
1634	12.708	0.0082123
1635	12.716	0.020555
1636	12.724	-0.0012584
1637	12.732	-0.020985
1638	12.739	-0.0058487
1639	12.747	0.019001
1640	12.755	0.012277
1641	12.763	-0.014849
1642	12.77	-0.017307
1643	12.778	0.0089869
1644	12.786	0.020345
1645	12.794	-0.002104
1646	12.802	-0.021061
1647	12.809	-0.0050292
1648	12.817	0.019355
1649	12.825	0.011577
1650	12.833	-0.01544
1651	12.841	-0.016807
1652	12.848	0.0097469
1653	12.856	0.020103
1654	12.864	-0.0029463
1655	12.872	-0.021104
1656	12.879	-0.0042015
1657	12.887	0.019678
1658	12.895	0.010858
1659	12.903	-0.016006
1660	12.911	-0.016281
1661	12.918	0.010491
1662	12.926	0.019828
1663	12.934	-0.0037838
1664	12.942	-0.021113
1665	12.949	-0.0033671
1666	12.957	0.019969
1667	12.965	0.010122
1668	12.973	-0.016547
1669	12.981	-0.015727
1670	12.988	0.011219
1671	12.996	0.019521
1672	13.004	-0.0046152
1673	13.012	-0.021087
1674	13.019	-0.0025272
1675	13.027	0.020227
1676	13.035	0.0093697
1677	13.043	-0.01706
1678	13.051	-0.015149
1679	13.058	0.011928
1680	13.066	0.019182
1681	13.074	-0.0054391
1682	13.082	-0.021028
1683	13.09	-0.0016832
1684	13.097	0.020453
1685	13.105	0.0086021
1686	13.113	-0.017546
1687	13.121	-0.014546
1688	13.128	0.012618
1689	13.136	0.018813
1690	13.144	-0.0062543
1691	13.152	-0.020934
1692	13.16	-0.00083656
1693	13.167	0.020646
1694	13.175	0.0078207
1695	13.183	-0.018004
1696	13.191	-0.01392
1697	13.198	0.013287
1698	13.206	0.018413
1699	13.214	-0.0070594
1700	13.222	-0.020807
1701	13.23	1.15E-05
1702	13.237	0.020806
1703	13.245	0.0070266
1704	13.253	-0.018432
1705	13.261	-0.013271
1706	13.269	0.013935
1707	13.276	0.017983
1708	13.284	-0.007853
1709	13.292	-0.020646
1710	13.3	0.00085945
1711	13.307	0.020932
1712	13.315	0.0062212
1713	13.323	-0.018831
1714	13.331	-0.0126
1715	13.339	0.014561
1716	13.346	0.017524
1717	13.354	-0.008634
1718	13.362	-0.020452
1719	13.37	0.001706
1720	13.377	0.021024
1721	13.385	0.0054057
1722	13.393	-0.0192
1723	13.401	-0.01191
1724	13.409	0.015163
1725	13.416	0.017037
1726	13.424	-0.0094011
1727	13.432	-0.020225
1728	13.44	0.0025499
1729	13.447	0.021083
1730	13.455	0.0045815
1731	13.463	-0.019537
1732	13.471	-0.0112
1733	13.479	0.015741
1734	13.486	0.016523
1735	13.494	-0.010153
1736	13.502	-0.019965
1737	13.51	0.0033896
1738	13.518	0.021107
1739	13.525	0.0037498
1740	13.533	-0.019843
1741	13.541	-0.010472
1742	13.549	0.016293
1743	13.556	0.015982
1744	13.564	-0.010889
1745	13.572	-0.019673
1746	13.58	0.0042238
1747	13.588	0.021097
1748	13.595	0.0029122
1749	13.603	-0.020117
1750	13.611	-0.0097272
1751	13.619	0.016819
1752	13.626	0.015415
1753	13.634	-0.011606
1754	13.642	-0.019349
1755	13.65	0.0050513
1756	13.658	0.021054
1757	13.665	0.0020698
1758	13.673	-0.020358
1759	13.681	-0.0089667
1760	13.689	0.017318
1761	13.697	0.014823
1762	13.704	-0.012306
1763	13.712	-0.018994
1764	13.72	0.0058705
1765	13.728	0.020976
1766	13.735	0.0012241
1767	13.743	-0.020567
1768	13.751	-0.0081917
1769	13.759	0.017788
1770	13.767	0.014207
1771	13.774	-0.012985
1772	13.782	-0.018608
1773	13.79	0.0066803
1774	13.798	0.020864
1775	13.805	0.00037635
1776	13.813	-0.020742
1777	13.821	-0.0074035
1778	13.829	0.01823
1779	13.837	0.013569
1780	13.844	-0.013643
1781	13.852	-0.018193
1782	13.86	0.0074793
1783	13.868	0.020719
1784	13.875	-0.00047198
1785	13.883	-0.020884
1786	13.891	-0.0066033
1787	13.899	0.018643
1788	13.907	0.012908
1789	13.914	-0.01428
1790	13.922	-0.017748
1791	13.93	0.0082662
1792	13.938	0.02054
1793	13.946	-0.0013195
1794	13.953	-0.020992
1795	13.961	-0.0057925
1796	13.969	0.019026
1797	13.977	0.012227
1798	13.984	-0.014893
1799	13.992	-0.017274
1800	14	0.0090397
