1	5.00E-04	7.63E+01	
2	2.05E-02	7.58E+01	
3	4.06E-02	7.52E+01	
4	6.06E-02	7.47E+01	
5	8.06E-02	7.42E+01	
6	1.01E-01	7.37E+01	
7	1.21E-01	7.31E+01	
8	1.41E-01	7.26E+01	
9	1.61E-01	7.21E+01	
10	1.81E-01	7.16E+01	
11	2.01E-01	7.10E+01	
12	2.21E-01	7.05E+01	
13	2.41E-01	7.00E+01	
14	2.61E-01	6.95E+01	
15	2.81E-01	6.89E+01	
16	3.01E-01	6.84E+01	
17	3.21E-01	6.79E+01	
18	3.41E-01	6.74E+01	
19	3.61E-01	6.68E+01	
20	3.81E-01	6.63E+01	
21	4.01E-01	6.58E+01	
22	4.21E-01	6.53E+01	
23	4.41E-01	6.47E+01	
24	4.61E-01	6.42E+01	
25	4.81E-01	6.37E+01	
26	5.01E-01	6.32E+01	
27	5.21E-01	6.26E+01	
28	5.41E-01	6.21E+01	
29	5.62E-01	6.16E+01	
30	5.82E-01	6.10E+01	
31	6.02E-01	6.05E+01	
32	6.22E-01	6.00E+01	
33	6.42E-01	5.95E+01	
34	6.62E-01	5.89E+01	
35	6.82E-01	5.84E+01	
36	7.02E-01	5.79E+01	
37	7.22E-01	5.74E+01	
38	7.42E-01	5.68E+01	
39	7.62E-01	5.63E+01	
40	7.82E-01	5.58E+01	
41	8.02E-01	5.53E+01	
42	8.22E-01	5.47E+01	
43	8.42E-01	5.42E+01	
44	8.62E-01	5.37E+01	
45	8.82E-01	5.32E+01	
46	9.02E-01	5.26E+01	
47	9.22E-01	5.21E+01	
48	9.42E-01	5.16E+01	
49	9.62E-01	5.11E+01	
50	9.82E-01	5.05E+01	
51	1.00E+00	5.00E+01	
52	1.02E+00	4.95E+01	
53	1.04E+00	4.90E+01	
54	1.06E+00	4.84E+01	
55	1.08E+00	4.79E+01	
56	1.10E+00	4.74E+01	
57	1.12E+00	4.69E+01	
58	1.14E+00	4.63E+01	
59	1.16E+00	4.58E+01	
60	1.18E+00	4.53E+01	
61	1.20E+00	4.48E+01	
62	1.22E+00	4.42E+01	
63	1.24E+00	4.37E+01	
64	1.26E+00	4.32E+01	
65	1.28E+00	4.27E+01	
66	1.30E+00	4.21E+01	
67	1.32E+00	4.16E+01	
68	1.34E+00	4.11E+01	
69	1.36E+00	4.06E+01	
70	1.38E+00	4.00E+01	
71	1.40E+00	3.95E+01	
72	1.42E+00	3.90E+01	
73	1.44E+00	3.85E+01	
74	1.46E+00	3.79E+01	
75	1.48E+00	3.74E+01	
76	1.50E+00	3.69E+01	
77	1.52E+00	3.64E+01	
78	1.54E+00	3.58E+01	
79	1.56E+00	3.53E+01	
80	1.58E+00	3.48E+01	
81	1.60E+00	3.42E+01	
82	1.62E+00	3.37E+01	
83	1.64E+00	3.32E+01	
84	1.66E+00	3.27E+01	
85	1.68E+00	3.21E+01	
86	1.70E+00	3.16E+01	
87	1.72E+00	3.11E+01	
88	1.74E+00	3.06E+01	
89	1.76E+00	3.00E+01	
90	1.78E+00	2.95E+01	
91	1.80E+00	2.90E+01	
92	1.82E+00	2.85E+01	
93	1.84E+00	2.79E+01	
94	1.86E+00	2.74E+01	
95	1.88E+00	2.69E+01	
96	1.90E+00	2.64E+01	
97	1.92E+00	2.58E+01	
98	1.94E+00	2.53E+01	
99	1.96E+00	2.48E+01	
100	1.98E+00	2.43E+01	
101	2.00E+00	2.37E+01	
102	2.02E+00	2.32E+01	
103	2.04E+00	2.27E+01	
104	2.06E+00	2.22E+01	
105	2.08E+00	2.16E+01	
106	2.10E+00	2.11E+01	
107	2.12E+00	2.06E+01	
108	2.14E+00	2.01E+01	
109	2.16E+00	1.95E+01	
110	2.18E+00	1.90E+01	
111	2.20E+00	1.85E+01	
112	2.22E+00	1.80E+01	
113	2.24E+00	1.74E+01	
114	2.26E+00	1.69E+01	
115	2.28E+00	1.64E+01	
116	2.30E+00	1.59E+01	
117	2.32E+00	1.53E+01	
118	2.34E+00	1.48E+01	
119	2.36E+00	1.43E+01	
120	2.38E+00	1.38E+01	
121	2.40E+00	1.32E+01	
122	2.42E+00	1.27E+01	
123	2.44E+00	1.22E+01	
124	2.47E+00	1.17E+01	
125	2.49E+00	1.12E+01	
126	2.51E+00	1.07E+01	
127	2.53E+00	1.02E+01	
128	2.55E+00	9.70E+00	
129	2.57E+00	9.25E+00	
130	2.59E+00	8.83E+00	
131	2.61E+00	8.44E+00	
132	2.63E+00	8.07E+00	
133	2.65E+00	7.72E+00	
134	2.67E+00	7.39E+00	
135	2.69E+00	7.09E+00	
136	2.71E+00	6.80E+00	
137	2.73E+00	6.54E+00	
138	2.75E+00	6.29E+00	
139	2.77E+00	6.05E+00	
140	2.79E+00	5.82E+00	
141	2.81E+00	5.60E+00	
142	2.83E+00	5.39E+00	
143	2.85E+00	5.20E+00	
144	2.87E+00	5.01E+00	
145	2.89E+00	4.83E+00	
146	2.91E+00	4.65E+00	
147	2.93E+00	4.48E+00	
148	2.95E+00	4.32E+00	
149	2.97E+00	4.16E+00	
150	2.99E+00	4.01E+00	
151	3.01E+00	3.86E+00	
152	3.03E+00	3.72E+00	
153	3.05E+00	3.58E+00	
154	3.07E+00	3.45E+00	
155	3.09E+00	3.31E+00	
156	3.11E+00	3.19E+00	
157	3.13E+00	3.06E+00	
158	3.15E+00	2.94E+00	
159	3.17E+00	2.82E+00	
160	3.19E+00	2.71E+00	
161	3.21E+00	2.59E+00	
162	3.23E+00	2.48E+00	
163	3.25E+00	2.38E+00	
164	3.27E+00	2.27E+00	
165	3.29E+00	2.17E+00	
166	3.31E+00	2.07E+00	
167	3.33E+00	1.97E+00	
168	3.35E+00	1.87E+00	
169	3.37E+00	1.77E+00	
170	3.39E+00	1.68E+00	
171	3.41E+00	1.59E+00	
172	3.43E+00	1.50E+00	
173	3.45E+00	1.41E+00	
174	3.47E+00	1.32E+00	
175	3.49E+00	1.23E+00	
176	3.51E+00	1.15E+00	
177	3.53E+00	1.06E+00	
178	3.55E+00	9.84E-01	
179	3.57E+00	9.06E-01	
180	3.59E+00	8.32E-01	
181	3.61E+00	7.60E-01	
182	3.63E+00	6.90E-01	
183	3.65E+00	6.23E-01	
184	3.67E+00	5.59E-01	
185	3.69E+00	4.98E-01	
186	3.71E+00	4.41E-01	
187	3.73E+00	3.86E-01	
188	3.75E+00	3.35E-01	
189	3.77E+00	2.87E-01	
190	3.79E+00	2.41E-01	
191	3.81E+00	1.99E-01	
192	3.83E+00	1.60E-01	
193	3.85E+00	1.25E-01	
194	3.87E+00	9.15E-02	
195	3.89E+00	6.00E-02	
196	3.91E+00	3.08E-02	
197	3.93E+00	4.16E-03	
198	3.95E+00	-1.99E-02	
199	3.97E+00	-4.32E-02	
200	3.99E+00	-6.58E-02	
201	4.01E+00	-8.72E-02	
202	4.03E+00	-1.07E-01	
203	4.05E+00	-1.26E-01	
204	4.07E+00	-1.44E-01	
205	4.09E+00	-1.61E-01	
206	4.11E+00	-1.78E-01	
207	4.13E+00	-1.95E-01	
208	4.15E+00	-2.11E-01	
209	4.17E+00	-2.26E-01	
210	4.19E+00	-2.42E-01	
211	4.21E+00	-2.57E-01	
212	4.23E+00	-2.72E-01	
213	4.25E+00	-2.86E-01	
214	4.27E+00	-3.01E-01	
215	4.29E+00	-3.16E-01	
216	4.31E+00	-3.30E-01	
217	4.33E+00	-3.44E-01	
218	4.35E+00	-3.58E-01	
219	4.37E+00	-3.73E-01	
220	4.39E+00	-3.87E-01	
221	4.41E+00	-4.00E-01	
222	4.43E+00	-4.14E-01	
223	4.45E+00	-4.28E-01	
224	4.47E+00	-4.42E-01	
225	4.49E+00	-4.55E-01	
226	4.51E+00	-4.69E-01	
227	4.53E+00	-4.82E-01	
228	4.55E+00	-4.96E-01	
229	4.57E+00	-5.09E-01	
230	4.59E+00	-5.23E-01	
231	4.61E+00	-5.36E-01	
232	4.63E+00	-5.49E-01	
233	4.65E+00	-5.62E-01	
234	4.67E+00	-5.75E-01	
235	4.69E+00	-5.88E-01	
236	4.71E+00	-6.01E-01	
237	4.73E+00	-6.14E-01	
238	4.75E+00	-6.26E-01	
239	4.77E+00	-6.38E-01	
240	4.79E+00	-6.50E-01	
241	4.81E+00	-6.62E-01	
242	4.83E+00	-6.73E-01	
243	4.85E+00	-6.84E-01	
244	4.87E+00	-6.95E-01	
245	4.89E+00	-7.05E-01	
246	4.91E+00	-7.15E-01	
247	4.93E+00	-7.25E-01	
248	4.95E+00	-7.35E-01	
249	4.97E+00	-7.44E-01	
250	4.99E+00	-7.53E-01	
251	5.01E+00	-7.62E-01	
252	5.03E+00	-7.71E-01	
253	5.05E+00	-7.80E-01	
254	5.07E+00	-7.88E-01	
255	5.09E+00	-7.96E-01	
256	5.11E+00	-8.04E-01	
257	5.13E+00	-8.12E-01	
258	5.15E+00	-8.19E-01	
259	5.17E+00	-8.27E-01	
260	5.19E+00	-8.34E-01	
261	5.21E+00	-8.40E-01	
262	5.23E+00	-8.47E-01	
263	5.25E+00	-8.53E-01	
264	5.27E+00	-8.60E-01	
265	5.29E+00	-8.65E-01	
266	5.31E+00	-8.71E-01	
267	5.33E+00	-8.77E-01	
268	5.35E+00	-8.82E-01	
269	5.37E+00	-8.86E-01	
270	5.39E+00	-8.91E-01	
271	5.41E+00	-8.95E-01	
272	5.43E+00	-8.99E-01	
273	5.45E+00	-9.03E-01	
274	5.47E+00	-9.06E-01	
275	5.49E+00	-9.09E-01	
276	5.51E+00	-9.12E-01	
277	5.53E+00	-9.15E-01	
278	5.55E+00	-9.18E-01	
279	5.57E+00	-9.21E-01	
280	5.59E+00	-9.23E-01	
281	5.61E+00	-9.25E-01	
282	5.63E+00	-9.28E-01	
283	5.65E+00	-9.30E-01	
284	5.67E+00	-9.32E-01	
285	5.69E+00	-9.34E-01	
286	5.71E+00	-9.36E-01	
287	5.73E+00	-9.38E-01	
288	5.75E+00	-9.40E-01	
289	5.77E+00	-9.41E-01	
290	5.79E+00	-9.43E-01	
291	5.81E+00	-9.45E-01	
292	5.83E+00	-9.47E-01	
293	5.85E+00	-9.48E-01	
294	5.87E+00	-9.50E-01	
295	5.89E+00	-9.51E-01	
296	5.91E+00	-9.52E-01	
297	5.93E+00	-9.53E-01	
298	5.95E+00	-9.54E-01	
299	5.97E+00	-9.55E-01	
300	5.99E+00	-9.56E-01	
301	6.01E+00	-9.56E-01	
302	6.03E+00	-9.56E-01	
303	6.05E+00	-9.55E-01	
304	6.07E+00	-9.55E-01	
305	6.09E+00	-9.54E-01	
306	6.11E+00	-9.53E-01	
307	6.13E+00	-9.52E-01	
308	6.15E+00	-9.50E-01	
309	6.17E+00	-9.49E-01	
310	6.19E+00	-9.47E-01	
311	6.21E+00	-9.45E-01	
312	6.23E+00	-9.43E-01	
313	6.25E+00	-9.41E-01	
314	6.27E+00	-9.38E-01	
315	6.29E+00	-9.36E-01	
316	6.31E+00	-9.33E-01	
317	6.33E+00	-9.30E-01	
318	6.35E+00	-9.26E-01	
319	6.37E+00	-9.23E-01	
320	6.39E+00	-9.19E-01	
321	6.41E+00	-9.15E-01	
322	6.43E+00	-9.11E-01	
323	6.45E+00	-9.07E-01	
324	6.47E+00	-9.02E-01	
325	6.49E+00	-8.97E-01	
326	6.51E+00	-8.93E-01	
327	6.53E+00	-8.88E-01	
328	6.55E+00	-8.82E-01	
329	6.57E+00	-8.77E-01	
330	6.59E+00	-8.72E-01	
331	6.61E+00	-8.66E-01	
332	6.63E+00	-8.60E-01	
333	6.65E+00	-8.55E-01	
334	6.67E+00	-8.49E-01	
335	6.69E+00	-8.43E-01	
336	6.71E+00	-8.37E-01	
337	6.73E+00	-8.31E-01	
338	6.75E+00	-8.25E-01	
339	6.77E+00	-8.18E-01	
340	6.79E+00	-8.12E-01	
341	6.81E+00	-8.05E-01	
342	6.83E+00	-7.99E-01	
343	6.85E+00	-7.92E-01	
344	6.87E+00	-7.86E-01	
345	6.89E+00	-7.79E-01	
346	6.91E+00	-7.72E-01	
347	6.93E+00	-7.66E-01	
348	6.95E+00	-7.59E-01	
349	6.97E+00	-7.52E-01	
350	6.99E+00	-7.46E-01	
351	7.01E+00	-7.39E-01	
352	7.03E+00	-7.33E-01	
353	7.05E+00	-7.26E-01	
354	7.07E+00	-7.20E-01	
355	7.09E+00	-7.14E-01	
356	7.11E+00	-7.07E-01	
357	7.13E+00	-7.01E-01	
358	7.15E+00	-6.95E-01	
359	7.17E+00	-6.88E-01	
360	7.19E+00	-6.82E-01	
361	7.21E+00	-6.76E-01	
362	7.23E+00	-6.69E-01	
363	7.25E+00	-6.63E-01	
364	7.27E+00	-6.57E-01	
365	7.29E+00	-6.50E-01	
366	7.31E+00	-6.44E-01	
367	7.33E+00	-6.38E-01	
368	7.35E+00	-6.31E-01	
369	7.37E+00	-6.25E-01	
370	7.39E+00	-6.19E-01	
371	7.41E+00	-6.12E-01	
372	7.43E+00	-6.06E-01	
373	7.45E+00	-6.00E-01	
374	7.47E+00	-5.94E-01	
375	7.49E+00	-5.87E-01	
376	7.51E+00	-5.81E-01	
377	7.53E+00	-5.75E-01	
378	7.55E+00	-5.69E-01	
379	7.57E+00	-5.62E-01	
380	7.59E+00	-5.56E-01	
381	7.61E+00	-5.50E-01	
382	7.63E+00	-5.44E-01	
383	7.65E+00	-5.38E-01	
384	7.67E+00	-5.32E-01	
385	7.69E+00	-5.26E-01	
386	7.71E+00	-5.20E-01	
387	7.73E+00	-5.14E-01	
388	7.75E+00	-5.08E-01	
389	7.77E+00	-5.02E-01	
390	7.79E+00	-4.96E-01	
391	7.81E+00	-4.90E-01	
392	7.83E+00	-4.84E-01	
393	7.85E+00	-4.78E-01	
394	7.87E+00	-4.72E-01	
395	7.90E+00	-4.66E-01	
396	7.92E+00	-4.60E-01	
397	7.94E+00	-4.53E-01	
398	7.96E+00	-4.47E-01	
399	7.98E+00	-4.41E-01	
400	8.00E+00	-4.35E-01	
401	8.02E+00	-4.29E-01	
402	8.04E+00	-4.23E-01	
403	8.06E+00	-4.17E-01	
404	8.08E+00	-4.11E-01	
405	8.10E+00	-4.05E-01	
406	8.12E+00	-3.99E-01	
407	8.14E+00	-3.93E-01	
408	8.16E+00	-3.87E-01	
409	8.18E+00	-3.81E-01	
410	8.20E+00	-3.75E-01	
411	8.22E+00	-3.69E-01	
412	8.24E+00	-3.63E-01	
413	8.26E+00	-3.58E-01	
414	8.28E+00	-3.52E-01	
415	8.30E+00	-3.46E-01	
416	8.32E+00	-3.41E-01	
417	8.34E+00	-3.35E-01	
418	8.36E+00	-3.30E-01	
419	8.38E+00	-3.24E-01	
420	8.40E+00	-3.18E-01	
421	8.42E+00	-3.13E-01	
422	8.44E+00	-3.07E-01	
423	8.46E+00	-3.02E-01	
424	8.48E+00	-2.97E-01	
425	8.50E+00	-2.91E-01	
426	8.52E+00	-2.86E-01	
427	8.54E+00	-2.80E-01	
428	8.56E+00	-2.75E-01	
429	8.58E+00	-2.70E-01	
430	8.60E+00	-2.65E-01	
431	8.62E+00	-2.60E-01	
432	8.64E+00	-2.55E-01	
433	8.66E+00	-2.50E-01	
434	8.68E+00	-2.44E-01	
435	8.70E+00	-2.40E-01	
436	8.72E+00	-2.35E-01	
437	8.74E+00	-2.30E-01	
438	8.76E+00	-2.25E-01	
439	8.78E+00	-2.20E-01	
440	8.80E+00	-2.15E-01	
441	8.82E+00	-2.10E-01	
442	8.84E+00	-2.05E-01	
443	8.86E+00	-2.00E-01	
444	8.88E+00	-1.95E-01	
445	8.90E+00	-1.90E-01	
446	8.92E+00	-1.85E-01	
447	8.94E+00	-1.80E-01	
448	8.96E+00	-1.75E-01	
449	8.98E+00	-1.70E-01	
450	9.00E+00	-1.66E-01	
451	9.02E+00	-1.61E-01	
452	9.04E+00	-1.57E-01	
453	9.06E+00	-1.53E-01	
454	9.08E+00	-1.49E-01	
455	9.10E+00	-1.45E-01	
456	9.12E+00	-1.41E-01	
457	9.14E+00	-1.37E-01	
458	9.16E+00	-1.33E-01	
459	9.18E+00	-1.30E-01	
460	9.20E+00	-1.26E-01	
461	9.22E+00	-1.22E-01	
462	9.24E+00	-1.19E-01	
463	9.26E+00	-1.15E-01	
464	9.28E+00	-1.12E-01	
465	9.30E+00	-1.08E-01	
466	9.32E+00	-1.05E-01	
467	9.34E+00	-1.01E-01	
468	9.36E+00	-9.80E-02	
469	9.38E+00	-9.48E-02	
470	9.40E+00	-9.16E-02	
471	9.42E+00	-8.86E-02	
472	9.44E+00	-8.56E-02	
473	9.46E+00	-8.27E-02	
474	9.48E+00	-7.98E-02	
475	9.50E+00	-7.70E-02	
476	9.52E+00	-7.42E-02	
477	9.54E+00	-7.14E-02	
478	9.56E+00	-6.86E-02	
479	9.58E+00	-6.58E-02	
480	9.60E+00	-6.30E-02	
481	9.62E+00	-6.02E-02	
482	9.64E+00	-5.74E-02	
483	9.66E+00	-5.46E-02	
484	9.68E+00	-5.18E-02	
485	9.70E+00	-4.90E-02	
486	9.72E+00	-4.63E-02	
487	9.74E+00	-4.36E-02	
488	9.76E+00	-4.13E-02	
489	9.78E+00	-3.95E-02	
490	9.80E+00	-3.83E-02	
491	9.82E+00	-3.72E-02	
492	9.84E+00	-3.62E-02	
493	9.86E+00	-3.51E-02	
494	9.88E+00	-3.41E-02	
495	9.90E+00	-3.30E-02	
496	9.92E+00	-3.20E-02	
497	9.94E+00	-3.10E-02	
498	9.96E+00	-3.00E-02	
499	9.98E+00	-2.89E-02	
500	1.00E+01	-2.77E-02	
501	1.00E+01	-2.60E-02	
502	1.00E+01	-2.38E-02	
503	1.01E+01	-2.14E-02	
504	1.01E+01	-1.89E-02	
505	1.01E+01	-1.66E-02	
506	1.01E+01	-1.44E-02	
507	1.01E+01	-1.22E-02	
508	1.02E+01	-9.95E-03	
509	1.02E+01	-7.76E-03	
510	1.02E+01	-5.57E-03	
511	1.02E+01	-3.75E-03	
512	1.02E+01	-2.45E-03	
513	1.03E+01	-1.56E-03	
514	1.03E+01	-1.00E-03	
515	1.03E+01	-6.90E-04	
516	1.03E+01	-4.67E-04	
517	1.03E+01	-2.75E-04	
518	1.04E+01	-1.26E-04	
519	1.04E+01	-3.09E-05	
520	1.04E+01	-3.37E-07	
521	1.04E+01	-2.50E-07	
522	1.04E+01	-1.59E-07	
523	1.05E+01	-7.87E-08	
524	1.05E+01	-2.10E-08	
525	1.05E+01	1.09E-11	
526	1.05E+01	5.80E-09	
527	1.05E+01	1.67E-08	
528	1.06E+01	2.48E-08	
529	1.06E+01	2.19E-08	
530	1.06E+01	0.00E+00	
			
			
			
