1	5.00E-04	1.14E+02	
2	2.05E-02	1.13E+02	
3	4.06E-02	1.12E+02	
4	6.06E-02	1.11E+02	
5	8.07E-02	1.10E+02	
6	1.01E-01	1.09E+02	
7	1.21E-01	1.08E+02	
8	1.41E-01	1.07E+02	
9	1.61E-01	1.06E+02	
10	1.81E-01	1.05E+02	
11	2.01E-01	1.04E+02	
12	2.21E-01	1.04E+02	
13	2.41E-01	1.03E+02	
14	2.61E-01	1.02E+02	
15	2.81E-01	1.01E+02	
16	3.01E-01	9.98E+01	
17	3.21E-01	9.89E+01	
18	3.41E-01	9.80E+01	
19	3.61E-01	9.71E+01	
20	3.81E-01	9.61E+01	
21	4.01E-01	9.52E+01	
22	4.21E-01	9.43E+01	
23	4.41E-01	9.34E+01	
24	4.61E-01	9.24E+01	
25	4.82E-01	9.15E+01	
26	5.02E-01	9.06E+01	
27	5.22E-01	8.97E+01	
28	5.42E-01	8.87E+01	
29	5.62E-01	8.78E+01	
30	5.82E-01	8.69E+01	
31	6.02E-01	8.60E+01	
32	6.22E-01	8.50E+01	
33	6.42E-01	8.41E+01	
34	6.62E-01	8.32E+01	
35	6.82E-01	8.23E+01	
36	7.02E-01	8.13E+01	
37	7.22E-01	8.04E+01	
38	7.42E-01	7.95E+01	
39	7.62E-01	7.86E+01	
40	7.82E-01	7.76E+01	
41	8.02E-01	7.67E+01	
42	8.22E-01	7.58E+01	
43	8.42E-01	7.49E+01	
44	8.62E-01	7.39E+01	
45	8.82E-01	7.30E+01	
46	9.02E-01	7.21E+01	
47	9.22E-01	7.12E+01	
48	9.43E-01	7.02E+01	
49	9.63E-01	6.93E+01	
50	9.83E-01	6.84E+01	
51	1.00E+00	6.75E+01	
52	1.02E+00	6.65E+01	
53	1.04E+00	6.56E+01	
54	1.06E+00	6.47E+01	
55	1.08E+00	6.38E+01	
56	1.10E+00	6.28E+01	
57	1.12E+00	6.19E+01	
58	1.14E+00	6.10E+01	
59	1.16E+00	6.01E+01	
60	1.18E+00	5.91E+01	
61	1.20E+00	5.82E+01	
62	1.22E+00	5.73E+01	
63	1.24E+00	5.64E+01	
64	1.26E+00	5.54E+01	
65	1.28E+00	5.45E+01	
66	1.30E+00	5.36E+01	
67	1.32E+00	5.27E+01	
68	1.34E+00	5.17E+01	
69	1.36E+00	5.08E+01	
70	1.38E+00	4.99E+01	
71	1.40E+00	4.90E+01	
72	1.42E+00	4.80E+01	
73	1.44E+00	4.71E+01	
74	1.46E+00	4.62E+01	
75	1.48E+00	4.53E+01	
76	1.50E+00	4.43E+01	
77	1.52E+00	4.34E+01	
78	1.54E+00	4.25E+01	
79	1.56E+00	4.16E+01	
80	1.58E+00	4.06E+01	
81	1.60E+00	3.97E+01	
82	1.62E+00	3.88E+01	
83	1.64E+00	3.79E+01	
84	1.66E+00	3.70E+01	
85	1.68E+00	3.60E+01	
86	1.70E+00	3.51E+01	
87	1.72E+00	3.42E+01	
88	1.74E+00	3.33E+01	
89	1.76E+00	3.23E+01	
90	1.78E+00	3.14E+01	
91	1.80E+00	3.05E+01	
92	1.82E+00	2.96E+01	
93	1.84E+00	2.86E+01	
94	1.86E+00	2.77E+01	
95	1.88E+00	2.68E+01	
96	1.90E+00	2.59E+01	
97	1.92E+00	2.49E+01	
98	1.94E+00	2.40E+01	
99	1.96E+00	2.31E+01	
100	1.98E+00	2.22E+01	
101	2.00E+00	2.12E+01	
102	2.02E+00	2.03E+01	
103	2.04E+00	1.94E+01	
104	2.06E+00	1.85E+01	
105	2.09E+00	1.75E+01	
106	2.11E+00	1.66E+01	
107	2.13E+00	1.57E+01	
108	2.15E+00	1.48E+01	
109	2.17E+00	1.38E+01	
110	2.19E+00	1.29E+01	
111	2.21E+00	1.20E+01	
112	2.23E+00	1.11E+01	
113	2.25E+00	1.02E+01	
114	2.27E+00	9.27E+00	
115	2.29E+00	8.39E+00	
116	2.31E+00	7.54E+00	
117	2.33E+00	6.69E+00	
118	2.35E+00	5.88E+00	
119	2.37E+00	5.16E+00	
120	2.39E+00	4.51E+00	
121	2.41E+00	3.92E+00	
122	2.43E+00	3.40E+00	
123	2.45E+00	2.93E+00	
124	2.47E+00	2.52E+00	
125	2.49E+00	2.15E+00	
126	2.51E+00	1.84E+00	
127	2.53E+00	1.59E+00	
128	2.55E+00	1.37E+00	
129	2.57E+00	1.16E+00	
130	2.59E+00	9.75E-01	
131	2.61E+00	8.14E-01	
132	2.63E+00	6.85E-01	
133	2.65E+00	5.82E-01	
134	2.67E+00	4.85E-01	
135	2.69E+00	4.00E-01	
136	2.71E+00	3.33E-01	
137	2.73E+00	2.89E-01	
138	2.75E+00	2.66E-01	
139	2.77E+00	2.47E-01	
140	2.79E+00	2.35E-01	
141	2.81E+00	2.33E-01	
142	2.83E+00	2.46E-01	
143	2.85E+00	2.71E-01	
144	2.87E+00	2.97E-01	
145	2.89E+00	3.23E-01	
146	2.91E+00	3.50E-01	
147	2.93E+00	3.77E-01	
148	2.95E+00	4.05E-01	
149	2.97E+00	4.34E-01	
150	2.99E+00	4.64E-01	
151	3.01E+00	4.92E-01	
152	3.03E+00	5.20E-01	
153	3.05E+00	5.43E-01	
154	3.07E+00	5.57E-01	
155	3.09E+00	5.63E-01	
156	3.11E+00	5.64E-01	
157	3.13E+00	5.61E-01	
158	3.15E+00	5.57E-01	
159	3.17E+00	5.52E-01	
160	3.19E+00	5.46E-01	
161	3.21E+00	5.39E-01	
162	3.23E+00	5.29E-01	
163	3.25E+00	5.18E-01	
164	3.27E+00	5.06E-01	
165	3.29E+00	4.94E-01	
166	3.31E+00	4.80E-01	
167	3.33E+00	4.66E-01	
168	3.35E+00	4.49E-01	
169	3.37E+00	4.32E-01	
170	3.39E+00	4.15E-01	
171	3.41E+00	3.97E-01	
172	3.43E+00	3.79E-01	
173	3.45E+00	3.60E-01	
174	3.47E+00	3.41E-01	
175	3.49E+00	3.22E-01	
176	3.51E+00	3.03E-01	
177	3.53E+00	2.84E-01	
178	3.55E+00	2.65E-01	
179	3.57E+00	2.47E-01	
180	3.59E+00	2.28E-01	
181	3.61E+00	2.09E-01	
182	3.63E+00	1.91E-01	
183	3.65E+00	1.73E-01	
184	3.67E+00	1.56E-01	
185	3.69E+00	1.39E-01	
186	3.71E+00	1.24E-01	
187	3.73E+00	1.08E-01	
188	3.75E+00	9.30E-02	
189	3.77E+00	7.78E-02	
190	3.79E+00	6.28E-02	
191	3.81E+00	4.80E-02	
192	3.83E+00	3.34E-02	
193	3.85E+00	1.90E-02	
194	3.87E+00	4.84E-03	
195	3.89E+00	-9.01E-03	
196	3.91E+00	-2.26E-02	
197	3.93E+00	-3.59E-02	
198	3.95E+00	-4.89E-02	
199	3.97E+00	-6.15E-02	
200	3.99E+00	-7.37E-02	
201	4.01E+00	-8.53E-02	
202	4.03E+00	-9.65E-02	
203	4.05E+00	-1.07E-01	
204	4.07E+00	-1.18E-01	
205	4.09E+00	-1.28E-01	
206	4.11E+00	-1.37E-01	
207	4.13E+00	-1.46E-01	
208	4.15E+00	-1.55E-01	
209	4.17E+00	-1.63E-01	
210	4.19E+00	-1.71E-01	
211	4.21E+00	-1.79E-01	
212	4.23E+00	-1.86E-01	
213	4.25E+00	-1.93E-01	
214	4.27E+00	-1.99E-01	
215	4.29E+00	-2.05E-01	
216	4.31E+00	-2.10E-01	
217	4.33E+00	-2.15E-01	
218	4.35E+00	-2.20E-01	
219	4.37E+00	-2.24E-01	
220	4.39E+00	-2.27E-01	
221	4.41E+00	-2.30E-01	
222	4.43E+00	-2.33E-01	
223	4.45E+00	-2.34E-01	
224	4.47E+00	-2.36E-01	
225	4.49E+00	-2.37E-01	
226	4.51E+00	-2.37E-01	
227	4.53E+00	-2.37E-01	
228	4.55E+00	-2.37E-01	
229	4.57E+00	-2.36E-01	
230	4.59E+00	-2.35E-01	
231	4.61E+00	-2.34E-01	
232	4.63E+00	-2.33E-01	
233	4.65E+00	-2.31E-01	
234	4.67E+00	-2.30E-01	
235	4.69E+00	-2.27E-01	
236	4.71E+00	-2.25E-01	
237	4.73E+00	-2.23E-01	
238	4.75E+00	-2.20E-01	
239	4.77E+00	-2.16E-01	
240	4.79E+00	-2.13E-01	
241	4.81E+00	-2.09E-01	
242	4.83E+00	-2.06E-01	
243	4.85E+00	-2.01E-01	
244	4.87E+00	-1.97E-01	
245	4.89E+00	-1.92E-01	
246	4.91E+00	-1.88E-01	
247	4.93E+00	-1.83E-01	
248	4.95E+00	-1.77E-01	
249	4.97E+00	-1.71E-01	
250	4.99E+00	-1.65E-01	
251	5.01E+00	-1.59E-01	
252	5.03E+00	-1.53E-01	
253	5.05E+00	-1.47E-01	
254	5.07E+00	-1.40E-01	
255	5.09E+00	-1.34E-01	
256	5.11E+00	-1.28E-01	
257	5.13E+00	-1.21E-01	
258	5.15E+00	-1.15E-01	
259	5.17E+00	-1.08E-01	
260	5.19E+00	-1.02E-01	
261	5.21E+00	-9.61E-02	
262	5.23E+00	-9.00E-02	
263	5.25E+00	-8.40E-02	
264	5.27E+00	-7.81E-02	
265	5.29E+00	-7.27E-02	
266	5.31E+00	-6.77E-02	
267	5.33E+00	-6.32E-02	
268	5.35E+00	-5.89E-02	
269	5.37E+00	-5.50E-02	
270	5.39E+00	-5.16E-02	
271	5.41E+00	-4.87E-02	
272	5.43E+00	-4.64E-02	
273	5.45E+00	-4.47E-02	
274	5.47E+00	-4.35E-02	
275	5.49E+00	-4.25E-02	
276	5.51E+00	-4.18E-02	
277	5.53E+00	-4.15E-02	
278	5.55E+00	-4.15E-02	
279	5.57E+00	-4.18E-02	
280	5.59E+00	-4.23E-02	
281	5.61E+00	-4.28E-02	
282	5.63E+00	-4.34E-02	
283	5.65E+00	-4.41E-02	
284	5.67E+00	-4.51E-02	
285	5.69E+00	-4.61E-02	
286	5.71E+00	-4.71E-02	
287	5.73E+00	-4.81E-02	
288	5.75E+00	-4.91E-02	
289	5.77E+00	-5.01E-02	
290	5.79E+00	-5.11E-02	
291	5.81E+00	-5.20E-02	
292	5.83E+00	-5.30E-02	
293	5.85E+00	-5.39E-02	
294	5.87E+00	-5.49E-02	
295	5.89E+00	-5.57E-02	
296	5.91E+00	-5.64E-02	
297	5.93E+00	-5.71E-02	
298	5.95E+00	-5.77E-02	
299	5.97E+00	-5.82E-02	
300	5.99E+00	-5.86E-02	
301	6.01E+00	-5.89E-02	
302	6.03E+00	-5.91E-02	
303	6.05E+00	-5.92E-02	
304	6.07E+00	-5.92E-02	
305	6.09E+00	-5.91E-02	
306	6.11E+00	-5.90E-02	
307	6.13E+00	-5.88E-02	
308	6.15E+00	-5.85E-02	
309	6.17E+00	-5.82E-02	
310	6.19E+00	-5.79E-02	
311	6.21E+00	-5.75E-02	
312	6.23E+00	-5.71E-02	
313	6.25E+00	-5.67E-02	
314	6.27E+00	-5.62E-02	
315	6.29E+00	-5.57E-02	
316	6.31E+00	-5.52E-02	
317	6.33E+00	-5.46E-02	
318	6.35E+00	-5.40E-02	
319	6.37E+00	-5.34E-02	
320	6.39E+00	-5.28E-02	
321	6.41E+00	-5.21E-02	
322	6.43E+00	-5.14E-02	
323	6.45E+00	-5.07E-02	
324	6.47E+00	-4.99E-02	
325	6.49E+00	-4.92E-02	
326	6.51E+00	-4.84E-02	
327	6.53E+00	-4.76E-02	
328	6.55E+00	-4.68E-02	
329	6.57E+00	-4.61E-02	
330	6.59E+00	-4.53E-02	
331	6.61E+00	-4.45E-02	
332	6.63E+00	-4.37E-02	
333	6.65E+00	-4.29E-02	
334	6.67E+00	-4.20E-02	
335	6.70E+00	-4.12E-02	
336	6.72E+00	-4.04E-02	
337	6.74E+00	-3.95E-02	
338	6.76E+00	-3.86E-02	
339	6.78E+00	-3.76E-02	
340	6.80E+00	-3.65E-02	
341	6.82E+00	-3.54E-02	
342	6.84E+00	-3.42E-02	
343	6.86E+00	-3.31E-02	
344	6.88E+00	-3.20E-02	
345	6.90E+00	-3.09E-02	
346	6.92E+00	-2.98E-02	
347	6.94E+00	-2.87E-02	
348	6.96E+00	-2.76E-02	
349	6.98E+00	-2.65E-02	
350	7.00E+00	-2.55E-02	
351	7.02E+00	-2.45E-02	
352	7.04E+00	-2.37E-02	
353	7.06E+00	-2.29E-02	
354	7.08E+00	-2.23E-02	
355	7.10E+00	-2.17E-02	
356	7.12E+00	-2.11E-02	
357	7.14E+00	-2.05E-02	
358	7.16E+00	-1.99E-02	
359	7.18E+00	-1.93E-02	
360	7.20E+00	-1.87E-02	
361	7.22E+00	-1.81E-02	
362	7.24E+00	-1.75E-02	
363	7.26E+00	-1.69E-02	
364	7.28E+00	-1.63E-02	
365	7.30E+00	-1.57E-02	
366	7.32E+00	-1.52E-02	
367	7.34E+00	-1.46E-02	
368	7.36E+00	-1.41E-02	
369	7.38E+00	-1.36E-02	
370	7.40E+00	-1.32E-02	
371	7.42E+00	-1.28E-02	
372	7.44E+00	-1.25E-02	
373	7.46E+00	-1.23E-02	
374	7.48E+00	-1.21E-02	
375	7.50E+00	-1.20E-02	
376	7.52E+00	-1.20E-02	
377	7.54E+00	-1.19E-02	
378	7.56E+00	-1.18E-02	
379	7.58E+00	-1.18E-02	
380	7.60E+00	-1.17E-02	
381	7.62E+00	-1.17E-02	
382	7.64E+00	-1.16E-02	
383	7.66E+00	-1.16E-02	
384	7.68E+00	-1.16E-02	
385	7.70E+00	-1.15E-02	
386	7.72E+00	-1.14E-02	
387	7.74E+00	-1.14E-02	
388	7.76E+00	-1.13E-02	
389	7.78E+00	-1.12E-02	
390	7.80E+00	-1.11E-02	
391	7.82E+00	-1.10E-02	
392	7.84E+00	-1.09E-02	
393	7.86E+00	-1.08E-02	
394	7.88E+00	-1.06E-02	
395	7.90E+00	-1.05E-02	
396	7.92E+00	-1.03E-02	
397	7.94E+00	-1.01E-02	
398	7.96E+00	-9.96E-03	
399	7.98E+00	-9.80E-03	
400	8.00E+00	-9.64E-03	
401	8.02E+00	-9.48E-03	
402	8.04E+00	-9.32E-03	
403	8.06E+00	-9.16E-03	
404	8.08E+00	-9.00E-03	
405	8.10E+00	-8.84E-03	
406	8.12E+00	-8.68E-03	
407	8.14E+00	-8.53E-03	
408	8.16E+00	-8.38E-03	
409	8.18E+00	-8.22E-03	
410	8.20E+00	-8.07E-03	
411	8.22E+00	-7.91E-03	
412	8.24E+00	-7.75E-03	
413	8.26E+00	-7.58E-03	
414	8.28E+00	-7.41E-03	
415	8.30E+00	-7.24E-03	
416	8.32E+00	-7.05E-03	
417	8.34E+00	-6.82E-03	
418	8.36E+00	-6.54E-03	
419	8.38E+00	-6.20E-03	
420	8.40E+00	-5.78E-03	
421	8.42E+00	-5.32E-03	
422	8.44E+00	-4.83E-03	
423	8.46E+00	-4.34E-03	
424	8.48E+00	-3.85E-03	
425	8.50E+00	-3.37E-03	
426	8.52E+00	-2.91E-03	
427	8.54E+00	-2.44E-03	
428	8.56E+00	-1.99E-03	
429	8.58E+00	-1.55E-03	
430	8.60E+00	-1.12E-03	
431	8.62E+00	-7.71E-04	
432	8.64E+00	-5.09E-04	
433	8.66E+00	-3.24E-04	
434	8.68E+00	-2.05E-04	
435	8.70E+00	-1.40E-04	
436	8.72E+00	-9.46E-05	
437	8.74E+00	-5.57E-05	
438	8.76E+00	-2.55E-05	
439	8.78E+00	-6.20E-06	
440	8.80E+00	-9.49E-08	
441	8.82E+00	-7.04E-08	
442	8.84E+00	-4.48E-08	
443	8.86E+00	-2.20E-08	
444	8.88E+00	-5.84E-09	
445	8.90E+00	4.38E-12	
446	8.92E+00	1.66E-09	
447	8.94E+00	4.74E-09	
448	8.96E+00	7.01E-09	
449	8.98E+00	6.18E-09	
450	9.00E+00	0.00E+00	
			
			
			
