1	0.0005	32.796
2	0.012512 32.672
3	0.024523 32.514
4	0.036535 32.333
5	0.048546 32.17
6	0.060558 32.042
7	0.072569 31.923
8	0.084581 31.773
9	0.096592 31.595
10	0.1086	31.424
11	0.12062	31.289
12	0.13263	31.172
13	0.14464	31.031
14	0.15665	30.856
15	0.16866	30.68
16	0.18067	30.537
17	0.19268	30.419
18	0.2047	30.287
19	0.21671	30.118
20	0.22872	29.939
21	0.24073	29.787
22	0.25274	29.666
23	0.26475	29.54
24	0.27676	29.379
25	0.28878	29.199
26	0.30079	29.038
27	0.3128	28.912
28	0.32481	28.791
29	0.33682	28.639
30	0.34883	28.46
31	0.36085	28.292
32	0.37286	28.159
33	0.38487	28.041
34	0.39688	27.898
35	0.40889	27.722
36	0.4209	27.547
37	0.43291	27.407
38	0.44493	27.289
39	0.45694	27.154
40	0.46895	26.983
41	0.48096	26.805
42	0.49297	26.656
43	0.50498	26.536
44	0.51699	26.408
45	0.52901	26.245
46	0.54102	26.064
47	0.55303	25.906
48	0.56504	25.783
49	0.57705	25.66
50	0.58906	25.505
51	0.60108	25.325
52	0.61309	25.159
53	0.6251	25.029
54	0.63711	24.91
55	0.64912	24.764
56	0.66113	24.587
57	0.67314	24.414
58	0.68516	24.276
59	0.69717	24.159
60	0.70918	24.021
61	0.72119	23.849
62	0.7332	23.671
63	0.74521	23.525
64	0.75723	23.406
65	0.76924	23.276
66	0.78125	23.11
67	0.79326	22.93
68	0.80527	22.775
69	0.81728	22.653
70	0.82929	22.529
71	0.84131	22.371
72	0.85332	22.19
73	0.86533	22.027
74	0.87734	21.899
75	0.88935	21.78
76	0.90136	21.63
77	0.91337	21.452
78	0.92539	21.281
79	0.9374	21.146
80	0.94941	21.029
81	0.96142	20.888
82	0.97343	20.714
83	0.98544	20.538
84	0.99746	20.394
85	1.0095	20.276
86	1.0215	20.144
87	1.0335	19.975
88	1.0455	19.796
89	1.0575	19.644
90	1.0695	19.523
91	1.0815	19.397
92	1.0935	19.237
93	1.1056	19.056
94	1.1176	18.895
95	1.1296	18.769
96	1.1416	18.648
97	1.1536	18.496
98	1.1656	18.317
99	1.1776	18.149
100	1.1896	18.016
101	1.2017	17.898
102	1.2137	17.755
103	1.2257	17.579
104	1.2377	17.404
105	1.2497	17.264
106	1.2617	17.146
107	1.2737	17.011
108	1.2857	16.841
109	1.2977	16.662
110	1.3098	16.513
111	1.3218	16.393
112	1.3338	16.265
113	1.3458	16.102
114	1.3578	15.921
115	1.3698	15.763
116	1.3818	15.639
117	1.3938	15.517
118	1.4058	15.362
119	1.4179	15.182
120	1.4299	15.016
121	1.4419	14.886
122	1.4539	14.767
123	1.4659	14.621
124	1.4779	14.444
125	1.4899	14.271
126	1.5019	14.133
127	1.514	14.016
128	1.526	13.878
129	1.538	13.706
130	1.55	13.528
131	1.562	13.382
132	1.574	13.263
133	1.586	13.133
134	1.598	12.967
135	1.61	12.787
136	1.6221	12.632
137	1.6341	12.51
138	1.6461	12.386
139	1.6581	12.228
140	1.6701	12.047
141	1.6821	11.884
142	1.6941	11.756
143	1.7061	11.637
144	1.7181	11.487
145	1.7302	11.309
146	1.7422	11.138
147	1.7542	11.003
148	1.7662	10.885
149	1.7782	10.745
150	1.7902	10.571
151	1.8022	10.395
152	1.8142	10.251
153	1.8262	10.133
154	1.8383	10.001
155	1.8503	9.8325
156	1.8623	9.6529
157	1.8743	9.5007
158	1.8863	9.3798
159	1.8983	9.2541
160	1.9103	9.0936
161	1.9223	8.9128
162	1.9344	8.7521
163	1.9464	8.6263
164	1.9584	8.5055
165	1.9704	8.3535
166	1.9824	8.1739
167	1.9944	8.0056
168	2.0064	7.873
169	2.0184	7.755
170	2.0304	7.6118
171	2.0425	7.4358
172	2.0545	7.2613
173	2.0665	7.1206
174	2.0785	7.003
175	2.0905	6.868
176	2.1025	6.6977
177	2.1145	6.5189
178	2.1265	6.3696
179	2.1385	6.2499
180	2.1506	6.1222
181	2.1626	5.9591
182	2.1746	5.7784
183	2.1866	5.6204
184	2.1986	5.4964
185	2.2106	5.3742
186	2.2226	5.2194
187	2.2346	5.0392
188	2.2467	4.8732
189	2.2587	4.743
190	2.2707	4.6243
191	2.2827	4.4782
192	2.2947	4.3008
193	2.3067	4.1282
194	2.3187	3.9903
195	2.3307	3.8728
196	2.3427	3.7354
197	2.3548	3.5633
198	2.3668	3.3862
199	2.3788	3.2404
200	2.3908	3.1223
201	2.4028	2.993
202	2.4148	2.828
203	2.4268	2.6485
204	2.4388	2.4958
205	2.4508	2.3777
206	2.4629	2.2604
207	2.4749	2.1116
208	2.4869	1.9409
209	2.4989	1.7898
210	2.5109	1.6749
211	2.5229	1.5694
212	2.5349	1.4398
213	2.5469	1.2836
214	2.559	1.1494
215	2.571	1.0562
216	2.583	0.98857
217	2.595	0.90701
218	2.607	0.79526
219	2.619	0.69095
220	2.631	0.62295
221	2.643	0.58586
222	2.655	0.54214
223	2.6671	0.46615
224	2.6791	0.38888
225	2.6911	0.34358
226	2.7031	0.33667
227	2.7151	0.33396
228	2.7271	0.30037
229	2.7391	0.25506
230	2.7511	0.23084
231	2.7631	0.24314
232	2.7752	0.26377
233	2.7872	0.25481
234	2.7992	0.22413
235	2.8112	0.20772
236	2.8232	0.23208
237	2.8352	0.2762
238	2.8472	0.29726
239	2.8592	0.28599
240	2.8713	0.2762
241	2.8833	0.30038
242	2.8953	0.34778
243	2.9073	0.37809
244	2.9193	0.37322
245	2.9313	0.36007
246	2.9433	0.37657
247	2.9553	0.42321
248	2.9673	0.46212
249	2.9794	0.46581
250	2.9914	0.45175
251	3.0034	0.4601
252	3.0154	0.50186
253	3.0274	0.54522
254	3.0394	0.55363
255	3.0514	0.53454
256	3.0634	0.52604
257	3.0754	0.55007
258	3.0875	0.58424
259	3.0995	0.5878
260	3.1115	0.55925
261	3.1235	0.53403
262	3.1355	0.54302
263	3.1475	0.57219
264	3.1595	0.58099
265	3.1715	0.55467
266	3.1836	0.52268
267	3.1956	0.52116
268	3.2076	0.54703
269	3.2196	0.56065
270	3.2316	0.53815
271	3.2436	0.50013
272	3.2556	0.48703
273	3.2676	0.5067
274	3.2796	0.5247
275	3.2917	0.50868
276	3.3037	0.46916
277	3.3157	0.44619
278	3.3277	0.45839
279	3.3397	0.4781
280	3.3517	0.46841
281	3.3637	0.42887
282	3.3757	0.39709
283	3.3877	0.40062
284	3.3998	0.4216
285	3.4118	0.41988
286	3.4238	0.38391
287	3.4358	0.34573
288	3.4478	0.34
289	3.4598	0.3597
290	3.4718	0.36524
291	3.4838	0.33501
292	3.4958	0.2931
293	3.5079	0.27848
294	3.5199	0.29531
295	3.5319	0.30757
296	3.5439	0.28512
297	3.5559	0.24219
298	3.5679	0.21919
299	3.5799	0.23112
300	3.5919	0.24838
301	3.604	0.23462
302	3.616	0.19319
303	3.628	0.16284
304	3.64	0.16839
305	3.652	0.18889
306	3.664	0.18474
307	3.676	0.14803
308	3.688	0.11278
309	3.7	0.11167
310	3.7121	0.13376
311	3.7241	0.13892
312	3.7361	0.10864
313	3.7481	0.069838
314	3.7601	0.060392
315	3.7721	0.0807
316	3.7841	0.093263
317	3.7961	0.070522
318	3.8081	0.030084
319	3.8202	0.01231
320	3.8322	0.028612
321	3.8442	0.047048
322	3.8562	0.033027
323	3.8682	-0.0064973
324	3.8802	-0.031771
325	3.8922	-0.021242
326	3.9042	0.0011526
327	3.9163	-0.0036161
328	3.9283	-0.039762
329	3.9403	-0.071215
330	3.9523	-0.067862
331	3.9643	-0.043766
332	3.9763	-0.039367
333	3.9883	-0.069759
334	4.0003	-0.10524
335	4.0123	-0.10959
336	4.0244	-0.085967
337	4.0364	-0.073176
338	4.0484	-0.095997
339	4.0604	-0.1334
340	4.0724	-0.14572
341	4.0844	-0.12495
342	4.0964	-0.10525
343	4.1084	-0.11923
344	4.1204	-0.15615
345	4.1325	-0.17598
346	4.1445	-0.16014
347	4.1565	-0.13556
348	4.1685	-0.14015
349	4.1805	-0.17428
350	4.1925	-0.20056
351	4.2045	-0.19131
352	4.2165	-0.16415
353	4.2286	-0.1594
354	4.2406	-0.18852
355	4.2526	-0.21965
356	4.2646	-0.21805
357	4.2766	-0.19069
358	4.2886	-0.17724
359	4.3006	-0.19928
360	4.3126	-0.23303
361	4.3246	-0.23933
362	4.3367	-0.21401
363	4.3487	-0.19305
364	4.3607	-0.20653
365	4.3727	-0.24051
366	4.3847	-0.25441
367	4.3967	-0.2332
368	4.4087	-0.20644
369	4.4207	-0.21039
370	4.4327	-0.24204
371	4.4448	-0.2625
372	4.4568	-0.24709
373	4.4688	-0.21668
374	4.4808	-0.21103
375	4.4928	-0.23822
376	4.5048	-0.26406
377	4.5168	-0.256
378	4.5288	-0.22462
379	4.5409	-0.20998
380	4.5529	-0.23076
381	4.5649	-0.26004
382	4.5769	-0.26003
383	4.5889	-0.23019
384	4.6009	-0.20792
385	4.6129	-0.22096
386	4.6249	-0.25171
387	4.6369	-0.25989
388	4.649	-0.23392
389	4.661	-0.20566
390	4.673	-0.20986
391	4.685	-0.23961
392	4.697	-0.2553
393	4.709	-0.23518
394	4.721	-0.20308
395	4.733	-0.19811
396	4.745	-0.2245
397	4.7571	-0.24638
398	4.7691	-0.23348
399	4.7811	-0.19982
400	4.7931	-0.18589
401	4.8051	-0.20677
402	4.8171	-0.23303
403	4.8291	-0.22823
404	4.8411	-0.19544
405	4.8532	-0.17348
406	4.8652	-0.18711
407	4.8772	-0.21563
408	4.8892	-0.21918
409	4.9012	-0.18968
410	4.9132	-0.16124
411	4.9252	-0.16639
412	4.9372	-0.19468
413	4.9492	-0.20592
414	4.9613	-0.18149
415	4.9733	-0.14831
416	4.9853	-0.14427
417	4.9973	-0.17001
418	5.0093	-0.18807
419	5.0213	-0.17073
420	5.0333	-0.13548
421	5.0453	-0.12259
422	5.0573	-0.14376
423	5.0694	-0.16711
424	5.0814	-0.15794
425	5.0934	-0.12308
426	5.1054	-0.10213
427	5.1174	-0.11694
428	5.1294	-0.14365
429	5.1414	-0.14323
430	5.1534	-0.11129
431	5.1654	-0.083773
432	5.1775	-0.090962
433	5.1895	-0.11887
434	5.2015	-0.12708
435	5.2135	-0.10036
436	5.2255	-0.068157
437	5.2375	-0.066932
438	5.2495	-0.093608
439	5.2615	-0.10954
440	5.2736	-0.089836
441	5.2856	-0.055401
442	5.2976	-0.045964
443	5.3096	-0.069626
444	5.3216	-0.092412
445	5.3336	-0.081548
446	5.3456	-0.047544
447	5.3576	-0.030507
448	5.3696	-0.049075
449	5.3817	-0.076666
450	5.3937	-0.0752
451	5.4057	-0.044179
452	5.4177	-0.020908
453	5.4297	-0.033155
454	5.4417	-0.063598
455	5.4537	-0.07177
456	5.4657	-0.046103
457	5.4777	-0.018239
458	5.4898	-0.022924
459	5.5018	-0.05346
460	5.5138	-0.070172
461	5.5258	-0.051304
462	5.5378	-0.020581
463	5.5498	-0.0171
464	5.5618	-0.045335
465	5.5738	-0.069304
466	5.5859	-0.058639
467	5.5979	-0.02726
468	5.6099	-0.015594
469	5.6219	-0.03894
470	5.6339	-0.067881
471	5.6459	-0.065983
472	5.6579	-0.036214
473	5.6699	-0.017271
474	5.6819	-0.034042
475	5.694	-0.065853
476	5.706	-0.072836
477	5.718	-0.046843
478	5.73	-0.021853
479	5.742	-0.030561
480	5.754	-0.062615
481	5.766	-0.077829
482	5.778	-0.057531
483	5.79	-0.028405
484	5.8021	-0.028408
485	5.8141	-0.058287
486	5.8261	-0.080618
487	5.8381	-0.06762
488	5.8501	-0.036637
489	5.8621	-0.02798
490	5.8741	-0.053437
491	5.8861	-0.08116
492	5.8982	-0.076414
493	5.9102	-0.045867
494	5.9222	-0.029107
495	5.9342	-0.048085
496	5.9462	-0.079026
497	5.9582	-0.082872
498	5.9702	-0.055121
499	5.9822	-0.031587
500	5.9942	-0.042688
501	6.0063	-0.074498
502	6.0183	-0.086637
503	6.0303	-0.063764
504	6.0423	-0.035215
505	6.0543	-0.037548
506	6.0663	-0.067772
507	6.0783	-0.087278
508	6.0903	-0.071073
509	6.1023	-0.039765
510	6.1144	-0.033239
511	6.1264	-0.059684
512	6.1384	-0.085166
513	6.1504	-0.076945
514	6.1624	-0.045307
515	6.1744	-0.030439
516	6.1864	-0.051073
517	6.1984	-0.080585
518	6.2105	-0.080991
519	6.2225	-0.051481
520	6.2345	-0.029456
521	6.2465	-0.042733
522	6.2585	-0.074033
523	6.2705	-0.083029
524	6.2825	-0.057879
525	6.2945	-0.030349
526	6.3065	-0.035228
527	6.3186	-0.065903
528	6.3306	-0.082792
529	6.3426	-0.063911
530	6.3546	-0.032964
531	6.3666	-0.029038
532	6.3786	-0.056705
533	6.3906	-0.080153
534	6.4026	-0.068951
535	6.4146	-0.036922
536	6.4267	-0.024474
537	6.4387	-0.047001
538	6.4507	-0.075196
539	6.4627	-0.072501
540	6.4747	-0.041808
541	6.4867	-0.021756
542	6.4987	-0.037389
543	6.5107	-0.068154
544	6.5228	-0.074164
545	6.5348	-0.047152
546	6.5468	-0.021029
547	6.5588	-0.028568
548	6.5708	-0.059536
549	6.5828	-0.073767
550	6.5948	-0.052474
551	6.6068	-0.022241
552	6.6188	-0.021073
553	6.6309	-0.04984
554	6.6429	-0.07117
555	6.6549	-0.057188
556	6.6669	-0.025124
557	6.6789	-0.015306
558	6.6909	-0.039639
559	6.7029	-0.066398
560	6.7149	-0.060756
561	6.7269	-0.02925
562	6.739	-0.011456
563	6.751	-0.029395
564	6.763	-0.059413
565	6.775	-0.062409
566	6.787	-0.03374
567	6.799	-0.0092193
568	6.811	-0.019315
569	6.823	-0.050273
570	6.8351	-0.061678
571	6.8471	-0.038091
572	6.8591	-0.0087703
573	6.8711	-0.010303
574	6.8831	-0.039866
575	6.8951	-0.058834
576	6.9071	-0.042119
577	6.9191	-0.010221
578	6.9311	-0.0030357
579	6.9432	-0.028895
580	6.9552	-0.053919
581	6.9672	-0.045305
582	6.9792	-0.013227
583	6.9912	0.0021459
584	7.0032	-0.018051
585	7.0152	-0.047261
586	7.0272	-0.047494
587	7.0392	-0.017777
588	7.0513	0.004522
589	7.0633	-0.0085102
590	7.0753	-0.039688
591	7.0873	-0.048694
592	7.0993	-0.023534
593	7.1113	0.0041073
594	7.1233	-0.00062548
595	7.1353	-0.031239
596	7.1473	-0.048178
597	7.1594	-0.029356
598	7.1714	0.0016362
599	7.1834	0.005664
600	7.1954	-0.021957
601	7.2074	-0.045477
602	7.2194	-0.034384
603	7.2314	-0.002378
604	7.2434	0.010126
605	7.2555	-0.012375
606	7.2675	-0.040669
607	7.2795	-0.038144
608	7.2915	-0.0075646
609	7.3035	0.01246
610	7.3155	-0.0032014
611	7.3275	-0.034115
612	7.3395	-0.040365
613	7.3515	-0.013566
614	7.3636	0.012442
615	7.3756	0.004817
616	7.3876	-0.026349
617	7.3996	-0.040894
618	7.4116	-0.019937
619	7.4236	0.010036
620	7.4356	0.010988
621	7.4476	-0.018103
622	7.4596	-0.039884
623	7.4717	-0.02641
624	7.4837	0.0052165
625	7.4957	0.014668
626	7.5077	-0.01007
627	7.5197	-0.037353
628	7.5317	-0.032288
629	7.5437	-0.0013054
630	7.5557	0.016056
631	7.5678	-0.0023408
632	7.5798	-0.032955
633	7.5918	-0.036637
634	7.6038	-0.0086399
635	7.6158	0.015314
636	7.6278	0.00467
637	7.6398	-0.026932
638	7.6518	-0.039078
639	7.6638	-0.016208
640	7.6759	0.012509
641	7.6879	0.010436
642	7.6999	-0.019729
643	7.7119	-0.039397
644	7.7239	-0.023386
645	7.7359	0.0079149
646	7.7479	0.014591
647	7.7599	-0.011814
648	7.7719	-0.037492
649	7.784	-0.029561
650	7.796	0.0019297
651	7.808	0.016839
652	7.82	-0.0037921
653	7.832	-0.033518
654	7.844	-0.034274
655	7.856	-0.0049989
656	7.868	0.017009
657	7.8801	0.0037362
658	7.8921	-0.027758
659	7.9041	-0.037136
660	7.9161	-0.012311
661	7.9281	0.015115
662	7.9401	0.010218
663	7.9521	-0.020633
664	7.9641	-0.037913
665	7.9761	-0.019429
666	7.9882	0.01133
667	8.0002	0.015195
668	8.0122	-0.012643
669	8.0242	-0.036493
670	8.0362	-0.025759
671	8.0482	0.0059792
672	8.0602	0.018308
673	8.0722	-0.0043903
674	8.0842	-0.032991
675	8.0963	-0.030829
676	8.1083	-0.00053833
677	8.1203	0.019315
678	8.1323	0.0034967
679	8.1443	-0.027659
680	8.1563	-0.034226
681	8.1683	-0.0076875
682	8.1803	0.018182
683	8.1924	0.010464
684	8.2044	-0.020856
685	8.2164	-0.035641
686	8.2284	-0.014877
687	8.2404	0.015037
688	8.2524	0.016017
689	8.2644	-0.013064
690	8.2764	-0.034929
691	8.2884	-0.02152
692	8.3005	0.010163
693	8.3125	0.019783
694	8.3245	-0.0048066
695	8.3365	-0.032041
696	8.3485	-0.02695
697	8.3605	0.0041473
698	8.3725	0.021759
699	8.3845	0.0036323
700	8.3965	-0.026794
701	8.4086	-0.030339
702	8.4206	-0.0021472
703	8.4326	0.022125
704	8.4446	0.011829
705	8.4566	-0.019512
706	8.4686	-0.031493
707	8.4806	-0.0084376
708	8.4926	0.020566
709	8.5047	0.018833
710	8.5167	-0.011067
711	8.5287	-0.030584
712	8.5407	-0.014435
713	8.5527	0.017098
714	8.5647	0.024079
715	8.5767	-0.002069
716	8.5887	-0.027613
717	8.6007	-0.019596
718	8.6128	0.012027
719	8.6248	0.02714
720	8.6368	0.0066701
721	8.6488	-0.023043
722	8.6608	-0.023867
723	8.6728	0.0053637
724	8.6848	0.02742
725	8.6968	0.014194
726	8.7088	-0.01736
727	8.7209	-0.026891
728	8.7329	-0.0021903
729	8.7449	0.02522
730	8.7569	0.02035
731	8.7689	-0.010558
732	8.7809	-0.028002
733	8.7929	-0.00969
734	8.8049	0.020996
735	8.8169	0.024859
736	8.829	-0.0030338
737	8.841	-0.027051
738	8.853	-0.016513
739	8.865	0.01512
740	8.877	0.027438
741	8.889	0.0047059
742	8.901	-0.024037
743	8.913	-0.022074
744	8.9251	0.0080869
745	8.9371	0.027918
746	8.9491	0.012086
747	8.9611	-0.019185
748	8.9731	-0.025948
749	8.9851	0.00043573
750	8.9971	0.026263
751	9.0091	0.018541
752	9.0211	-0.012866
753	9.0332	-0.027838
754	9.0452	-0.0072488
755	9.0572	0.0226
756	9.0692	0.023579
757	9.0812	-0.0055626
758	9.0932	-0.027598
759	9.1052	-0.014379
760	9.1172	0.017208
761	9.1292	0.026813
762	9.1413	0.002166
763	9.1533	-0.025248
764	9.1653	-0.020409
765	9.1773	0.010501
766	9.1893	0.027997
767	9.2013	0.0097289
768	9.2133	-0.020967
769	9.2253	-0.024879
770	9.2374	0.0029901
771	9.2494	0.02704
772	9.2614	0.016548
773	9.2734	-0.015083
774	9.2854	-0.027446
775	9.2974	-0.0047492
776	9.3094	0.024015
777	9.3214	0.022101
778	9.3334	-0.008045
779	9.3455	-0.027914
780	9.3575	-0.012125
781	9.3695	0.019153
782	9.3815	0.025964
783	9.3935	-0.00039202
784	9.4055	-0.026248
785	9.4175	-0.018574
786	9.4295	0.012827
787	9.4415	0.027842
788	9.4536	0.007291
789	9.4656	-0.022574
790	9.4776	-0.023602
791	9.4896	0.0055194
792	9.5016	0.02759
793	9.5136	0.014416
794	9.5256	-0.017174
795	9.5376	-0.026826
796	9.5497	-0.0022099
797	9.5617	0.025229
798	9.5737	0.020439
799	9.5857	-0.01046
800	9.5977	-0.027998
801	9.6097	-0.0097703
802	9.6217	0.020938
803	9.6337	0.024899
804	9.6457	-0.0029468
805	9.6578	-0.027029
806	9.6698	-0.016583
807	9.6818	0.015046
808	9.6938	0.027455
809	9.7058	0.0047921
810	9.7178	-0.023992
811	9.7298	-0.022128
812	9.7418	0.0080027
813	9.7538	0.027911
814	9.7659	0.012164
815	9.7779	-0.019121
816	9.7899	-0.025981
817	9.8019	0.00034783
818	9.8139	0.026232
819	9.8259	0.018606
820	9.8379	-0.012788
821	9.8499	-0.027847
822	9.862	-0.0073337
823	9.874	0.022548
824	9.886	0.023626
825	9.898	-0.0054769
826	9.91	-0.027583
827	9.922	-0.014454
828	9.934	0.017139
829	9.946	0.026838
830	9.958	0.0022531
831	9.9701	-0.02521
832	9.9821	-0.02047
833	9.9941	0.010419
834	10.006	0.027998
835	10.018	0.0098108
836	10.03	-0.020909
837	10.042	-0.02492
838	10.054	0.0029027
839	10.066	0.027017
840	10.078	0.016618
841	10.09	-0.015009
842	10.102	-0.027464
843	10.114	-0.0048358
844	10.126	0.023969
845	10.138	0.022155
846	10.15	-0.0079613
847	10.162	-0.027908
848	10.174	-0.012204
849	10.186	0.019089
850	10.198	0.025997
851	10.21	-0.00030461
852	10.222	-0.026218
853	10.234	-0.01864
854	10.246	0.012748
855	10.258	0.027851
856	10.27	0.0073753
857	10.282	-0.022522
858	10.294	-0.02365
859	10.306	0.0054332
860	10.318	0.027575
861	10.33	0.014491
862	10.342	-0.017105
863	10.354	-0.026851
864	10.366	-0.0022975
865	10.378	0.02519
866	10.39	0.020499
867	10.402	-0.010379
868	10.414	-0.027999
869	10.426	-0.0098526
870	10.439	0.020879
871	10.451	0.024939
872	10.463	-0.0028598
873	10.475	-0.027006
874	10.487	-0.016654
875	10.499	0.014971
876	10.511	0.027472
877	10.523	0.0048782
878	10.535	-0.023947
879	10.547	-0.022182
880	10.559	0.0079184
881	10.571	0.027903
882	10.583	0.012243
883	10.595	-0.019057
884	10.607	-0.026014
885	10.619	0.00025992
886	10.631	0.026201
887	10.643	0.018672
888	10.655	-0.01271
889	10.667	-0.027856
890	10.679	-0.0074185
891	10.691	0.022495
892	10.703	0.023672
893	10.715	-0.0053912
894	10.727	-0.027568
895	10.739	-0.01453
896	10.751	0.017069
897	10.763	0.026863
898	10.775	0.0023403
899	10.787	-0.025172
900	10.799	-0.02053
901	10.811	0.010337
902	10.823	0.027998
903	10.835	0.0098926
904	10.847	-0.020851
905	10.859	-0.02496
906	10.871	0.0028152
907	10.883	0.026993
908	10.895	0.016688
909	10.907	-0.014935
910	10.919	-0.027481
911	10.931	-0.0049224
912	10.943	0.023923
913	10.955	0.022208
914	10.967	-0.0078774
915	10.979	-0.027901
916	10.991	-0.012284
917	11.003	0.019024
918	11.015	0.026029
919	11.027	-0.00021721
920	11.039	-0.026187
921	11.051	-0.018705
922	11.063	0.01267
923	11.075	0.02786
924	11.087	0.0074596
925	11.099	-0.02247
926	11.111	-0.023697
927	11.123	0.005347
928	11.135	0.02756
929	11.147	0.014566
930	11.159	-0.017036
931	11.171	-0.026876
932	11.183	-0.0023851
933	11.195	0.025152
934	11.207	0.020558
935	11.219	-0.010298
936	11.231	-0.028
937	11.243	-0.0099349
938	11.255	0.02082
939	11.267	0.024978
940	11.279	-0.0027729
941	11.291	-0.026983
942	11.303	-0.016725
943	11.315	0.014897
944	11.327	0.027488
945	11.339	0.0049642
946	11.351	-0.023902
947	11.363	-0.022236
948	11.375	0.007834
949	11.387	0.027896
950	11.399	0.012322
951	11.411	-0.018993
952	11.423	-0.026047
953	11.435	0.00017201
954	11.447	0.02617
955	11.459	0.018737
956	11.471	-0.012632
957	11.484	-0.027865
958	11.496	-0.0075032
959	11.508	0.022443
960	11.52	0.023719
961	11.532	-0.0053054
962	11.544	-0.027553
963	11.556	-0.014605
964	11.568	0.016999
965	11.58	0.026887
966	11.592	0.0024273
967	11.604	-0.025134
968	11.616	-0.020589
969	11.628	0.010256
970	11.64	0.027999
971	11.652	0.0099744
972	11.664	-0.020793
973	11.676	-0.025
974	11.688	0.0027277
975	11.7	0.026969
976	11.712	0.016759
977	11.724	-0.014861
978	11.736	-0.027498
979	11.748	-0.0050089
980	11.76	0.023878
981	11.772	0.022261
982	11.784	-0.0077935
983	11.796	-0.027893
984	11.808	-0.012363
985	11.82	0.01896
986	11.832	0.026061
987	11.844	-0.0001298
988	11.856	-0.026156
989	11.868	-0.018771
990	11.88	0.012592
991	11.892	0.027868
992	11.904	0.0075438
993	11.916	-0.022418
994	11.928	-0.023744
995	11.94	0.0052606
996	11.952	0.027544
997	11.964	0.01464
998	11.976	-0.016966
999	11.988	-0.026901
1000	12	-0.0024727
